0      
4      
1      
8      
2      
8      
3      
4      
4      
8      
5      
4      
6      
4      
7      
4      
8      
16     
9      
16     
10     
4      
11     
16     
12     
16     
13     
8      
14     
4      
15     
4      
16     
8      
17     
8      
18     
8      
19     
8      
20     
16     
21     
4      
22     
4      
23     
16     
24     
16     
25     
8      
26     
4      
27     
4      
28     
16     
29     
8      
30     
16     
31     
8      
32     
8      
33     
4      
34     
8      
35     
16     
36     
16     
37     
8      
38     
8      
39     
8      
40     
8      
41     
8      
42     
4      
43     
4      
44     
8      
45     
8      
46     
16     
47     
8      
48     
4      
49     
8      
