0      
4      
1      
8      
2      
4      
3      
4      
4      
4      
5      
4      
6      
8      
7      
8      
8      
16     
9      
16     
10     
4      
11     
16     
12     
4      
13     
8      
14     
4      
15     
4      
16     
16     
17     
16     
18     
16     
19     
4      
20     
8      
21     
4      
22     
8      
23     
16     
24     
4      
25     
8      
26     
4      
27     
8      
28     
16     
29     
4      
30     
4      
31     
16     
32     
16     
33     
8      
34     
4      
35     
16     
36     
16     
37     
16     
38     
8      
39     
16     
40     
8      
41     
16     
42     
8      
43     
8      
44     
8      
45     
16     
46     
4      
47     
4      
48     
16     
49     
16     
