0      
9       8       4      
5       2       6      
4       4       6      
1      
8       6       1      
9       5       7      
1       1       5      
2      
8       2       9      
2       8       5      
2       8       0      
3      
5       8       5      
7       4       5      
4       7       0      
4      
4       7       4      
2       7       1      
9       7       4      
5      
10      249     23     
249     243     104    
165     34      173    
6      
199     82      104    
216     120     99     
181     168     150    
7      
222     80      27     
5       222     227    
255     37      161    
8      
144     78      252    
9       161     130    
80      203     47     
9      
197     49      139    
78      127     2      
8       37      121    
10     
49      15      80     
23      184     142    
244     203     118    
11     
23      78      192    
72      62      235    
253     139     177    
12     
60      57      88     
62      153     170    
109     81      147    
13     
4       16      149    
137     239     88     
206     42      136    
14     
16      135     253    
17      94      132    
246     171     253    
15     
26      142     58     
151     148     221    
13      177     86     
16     
46      47      181    
57      83      248    
253     54      85     
17     
23      39      24     
186     109     192    
204     191     102    
18     
26      100     198    
249     158     108    
100     179     215    
19     
131     11      161    
40      78      54     
140     59      31     
20     
142     67      241    
18      203     10     
43      145     64     
21     
194     207     211    
232     153     38     
86      114     16     
22     
212     108     195    
116     54      201    
243     71      58     
23     
162     186     122    
161     255     172    
185     160     14     
24     
209     186     202    
16      113     161    
234     72      45     
25     
23      147     230    
191     104     72     
252     246     221    
26     
187     39      72     
214     144     5      
112     66      94     
27     
44      101     215    
58      154     169    
110     83      73     
28     
37      220     228    
138     192     176    
186     108     146    
29     
155     78      193    
249     35      191    
177     94      248    
30     
16      54      57     
90      194     249    
89      36      35     
31     
134     200     217    
174     104     93     
114     99      84     
32     
248     243     252    
57      90      103    
117     247     199    
33     
65      54      104    
194     54      80     
255     124     78     
34     
189     245     108    
56      77      43     
151     37      247    
35     
199     149     107    
80      127     111    
224     219     23     
36     
9       53      231    
85      221     215    
57      33      112    
37     
193     209     190    
237     164     1      
9       105     0      
38     
141     227     122    
241     133     60     
123     13      201    
39     
69      157     142    
123     200     238    
80      250     49     
40     
163     164     151    
241     19      14     
227     69      85     
41     
234     49      183    
234     39      187    
54      59      93     
42     
100     19      169    
37      137     90     
88      224     232    
43     
184     33      195    
131     183     77     
142     233     110    
44     
187     97      215    
240     134     235    
15      206     254    
45     
123     194     159    
136     135     84     
61      115     190    
46     
37      212     54     
227     228     164    
219     176     8      
47     
32      122     84     
112     68      84     
167     136     201    
48     
17      185     224    
252     29      93     
179     37      32     
49     
77      10      93     
57      61      78     
30      214     6      
