01000 100110000
11011 001010111
11001 111110011
11111 111111111
10110 011101100
10011 101101111
10111 110001111
10100 101101010
01000 100110000
11001 111110011
00010 110100100
11000 011110001
00011 010100111
01000 100110100
10100 101101000
10011 101100111
11110 111111100
11101 101011011
01000 100110010
11010 101010100
11111 011101111
01101 010011011
01011 110010111
01111 110111111
00010 111100100
00110 100011100
00011 010100111
01010 110010100
11110 101111100
11001 111110011
10100 001101000
11001 111110010
10011 101100111
10100 101101000
10110 011001110
11101 101011011
11101 101011011
10001 010000011
01000 100110000
00111 000001111
01010 000010100
11010 101010100
10101 001101011
01111 100111111
11110 111101100
00110 100101100
01110 100111100
01001 000110011
10011 101100111
00100 010101000
10100 101101001
10010 001000100
00001 100000011
11101 101011011
00011 010101111
00110 101001100
11010 001010100
11110 111111101
00100 010101000
10110 011001100
00100 010101000
00111 000001011
10011 101100111
01100 110011010
11011 001011111
10100 101101001
10100 101101000
11001 111110010
01101 010011011
00101 110101011
01000 100110000
11001 101110011
01101 000011011
11010 101010100
01101 010111011
01011 111010111
00010 110100100
01111 000111111
11000 011100000
01110 000111100
00101 110111011
10010 001100100
00100 010101000
01101 010011011
00001 100001011
11111 011101111
01011 110010111
00110 100000100
01101 010011011
11010 101010100
01100 110011000
11101 111011011
10010 001100100
10010 001100000
10111 111001110
01101 010011011
00110 100001100
01110 000111100
01110 000110100
01011 110011111
01000 100110010
11101 101011010
10100 101101001
01011 110010111
10001 001000011
00010 110100100
00011 010101111
01010 010010100
01011 110000111
00101 110101001
10000 101000000
01111 100111011
10011 101100110
00101 110101011
01001 000110011
11101 101011011
00001 100010011
10010 001100100
01110 000111100
10101 001101001
10010 001100100
10000 111000000
10100 101101000
01010 010110100
11010 100010100
10011 101101111
11001 111110111
01101 010011011
10010 001100000
00111 000001110
11000 011110000
10010 001100100
00000 000100000
11010 100010100
10100 101101000
11100 001011000
01111 100111101
10100 101100000
00010 110100000
01011 110010110
11010 101010101
10111 111001111
11001 111110011
01100 110011000
00000 000000000
00110 100001000
00000 000000000
11001 101110011
01101 010011011
11000 011110000
11101 100011011
11111 011111111
11001 111110011
01011 110010111
10110 011001100
10111 111001111
00011 000100111
01010 010010100
10110 010001100
00011 010100111
01100 110011000
11110 111101100
01110 000111101
01101 010011011
01011 110010111
00001 100000011
01001 000110010
11000 011110000
00011 010100111
10010 001100100
00010 110100100
01111 100111111
10101 001101011
01000 100110000
01000 100110000
10100 101101000
10001 111000011
10010 001100100
01001 000111011
10010 001101100
10101 001101011
00010 110100100
01100 110001000
00001 100010011
11111 011111011
11000 011111000
00010 110100100
11101 101011010
10011 101100111
11101 101010011
01101 010011010
00010 110101100
00011 010100101
11010 101010100
00111 000011111
11011 001010111
10100 101101100
10101 001101111
11001 111110011
01011 110010111
10010 001100100
10010 001000100
00100 010101000
11111 011111011
11110 111011100
00110 100001110
10111 111001111
01101 010011010
11010 100010100
00000 000001000
01000 100110000
10000 111000000
01000 000110000
01011 110010101
11010 101010100
11101 101011011
11111 011111110
01100 111011000
01001 000010011
10111 111001101
11111 011111110
10000 111000000
10110 001001100
00010 110000100
01000 100010000
10010 101100100
00011 010000111
00010 110100100
01000 100110000
11110 111111110
11100 001011000
00100 010101000
11110 101111100
00100 010101000
11100 001011100
11001 111110001
00110 100101100
11011 001010111
11101 001011011
00111 001001111
11001 111110011
00110 101001100
10001 011000011
00100 010101000
01000 100110010
10001 011000111
11000 011110010
11111 011011111
01101 010011010
10000 111000000
11011 011010111
11010 101010100
11011 001000111
00010 110100100
10111 111001111
00101 110101011
11011 001110111
11011 001010111
01001 001110011
01011 110010111
10011 101100111
11001 011110011
00011 010100111
11100 001011000
10010 001100100
11101 101011011
00011 010100110
11011 000010111
00110 101001100
01001 000110011
00010 110100100
11001 011110011
10101 011101011
01001 000110011
11111 011111111
11111 011110111
10100 101111000
01101 010001011
01000 100110000
11010 101010100
10110 011001100
11110 111111000
11011 001010111
00100 010101010
00011 010100111
10001 011000010
01000 000110000
00100 010101000
10010 001100110
00110 100000100
01011 010010111
00100 010101000
10101 001111011
01001 000110011
10111 111001111
11111 011111111
00101 111101011
00001 100000011
00100 010101000
01010 010010100
01000 100110000
10000 111000100
11001 110110011
10010 001100100
10111 111001110
01100 111011000
00001 100001011
00000 000000000
10011 101100111
01011 110000111
01010 010010100
10001 010000011
01000 100110001
00101 110101011
10011 101100111
10010 001100100
01000 000110000
00011 010100111
11011 001010111
10010 001100100
11000 011110000
10000 111000000
00101 110101011
00001 100000011
00110 100011100
01110 000111100
01010 010010100
00101 110101011
01100 110011000
00111 001001111
10101 001111011
00001 100000011
00011 010100101
00010 110100100
10001 011000011
10100 101101000
00110 100001100
11100 000011000
11000 011110100
00110 100011100
01101 010111011
01010 011010100
00011 010100111
11010 101010000
10001 011000011
01010 010011100
11011 001011111
00110 100001100
00011 010100111
01000 100110000
11010 101000100
11100 011011000
01010 010110100
00100 011101000
11101 101011010
11110 111111100
10001 011000011
11100 001111000
10101 001101011
00110 100001100
01011 110010111
11111 011111111
10110 011001100
10000 101000000
11010 101000100
01010 010010100
01101 010011011
10111 111001111
11001 111110111
00011 010101111
00010 110100100
11100 001011000
01110 000111110
11100 001111000
10000 011000000
10110 011000100
11111 011111111
00011 010100111
00000 000000010
11010 101010100
10001 011100011
11000 010110000
00100 010100000
11010 101010100
10001 011100011
10001 011000011
01001 010110011
11000 011110010
10001 011100011
11100 001011000
11110 111111100
01101 010011011
11001 111110011
01000 000110000
10001 111000011
00011 010100111
01110 000111100
10010 001000100
01001 000110011
00111 000001111
01010 010010101
01101 000011011
01101 010010011
00001 100000011
10001 011000011
00111 010001111
00100 011101000
10101 001101001
10011 101100011
01100 110011000
11010 001010100
00110 000001100
10001 011000010
01100 110011000
10010 001100100
11110 111111100
01111 000111111
11100 001011000
11111 111111111
11101 101011011
10000 101000000
11111 001111111
00110 100001100
01000 100110010
10000 111000000
11001 011110011
00100 110101000
00010 110100100
00111 000001011
11110 111111100
01111 100111101
00001 100000011
11000 011110000
00111 000001011
11110 111111000
01010 010010100
00101 110101011
01010 010010110
00001 100000011
10101 001101011
00000 000000000
11010 101011100
11011 001010111
00001 000000011
01001 000110001
10100 101101000
01100 110011000
11111 010111111
11100 001011100
11110 111111100
01011 110010111
00110 100011100
10011 101100110
00011 110100111
01101 010011011
11000 011110000
10011 001100111
00111 001001111
10011 100100111
00100 010101010
01101 010011011
00010 110100110
11000 011111000
00011 010110111
01010 010010100
00101 110101011
10001 111000011
01101 010111011
11101 101011011
01011 110010111
10000 111000000
00110 100001100
10010 001100101
01101 000011011
11000 011100000
11101 101011011
10000 111000010
00111 010001111
10101 001101010
10000 111000001
11011 001010111
10100 101101000
11001 111110011
11110 111111100
01111 100111111
11110 111011100
01001 000110011
10011 111100111
10110 011001100
01001 000110011
10111 111001111
01001 000110011
00110 000001100
11100 001001000
11101 101111011
01110 000011100
01000 100110000
00100 011101000
10101 101101011
00100 010111000
11010 101010100
01010 010010100
01100 110011000
01010 010010100
01010 010010100
01110 000111000
00011 010100111
11001 111110011
00111 000001111
01011 110010101
10010 001100100
10001 011100011
10110 011001100
11001 111110011
01110 000111100
11010 111010100
11110 111110100
10001 011000111
11110 111111100
01011 111010111
00110 100001100
10011 101100111
00110 100001101
10010 001100100
00101 110101011
11100 001011000
11110 011111100
11110 101111100
00110 100001101
00011 010110111
01100 110111000
11100 101011000
10101 001101011
10001 011000011
10110 011011100
01110 000110100
11101 101111011
00101 110101011
01111 100111101
01101 010010011
10111 111001111
10011 101100111
00010 110110100
11000 011110010
11000 001110000
10001 111000011
00101 110101011
00111 000011111
01111 100011111
11101 101011011
10101 011101011
11010 111010100
10010 001100110
01000 100110000
01101 010011011
10001 011000010
00011 010000111
01111 100111110
10110 011001100
11110 111111100
00010 010100100
00101 110101011
10010 101100100
01100 010011000
11110 111111000
10000 111001000
11001 111111011
10011 101100101
11001 111010011
10001 011000011
10010 001110100
00101 110101011
11100 001011000
00001 100000001
11110 111111100
11100 001001000
00000 000000000
00011 010100111
11100 001011000
11010 101010100
10010 001100100
01000 100110000
01100 110011000
10100 101101000
01011 110010111
01111 100111111
00000 000000000
10101 001100011
10100 001101000
01000 110110000
01101 010011010
00011 010100111
00100 010101000
00101 110111011
11000 011110000
01010 010010100
11011 001010111
11100 001011000
11110 111111000
00111 000001111
01110 000011100
11101 101011011
00111 010001111
11010 111010100
01101 010011111
00110 110001100
01000 100110010
00110 000001100
11000 011110001
01111 110111111
00100 010101000
10110 011001100
00001 100000010
00110 100001110
00100 010101000
10001 011000011
01101 010011011
00001 100001011
01010 010000100
10001 011100011
01000 100111000
11101 101011011
11000 010110000
00000 100000000
11000 001110000
10011 101100111
10001 011010011
11001 111110001
01111 100111111
00101 110101011
01111 100111111
00001 100100011
10001 011000011
10010 101100100
00101 110101011
01010 010010100
01011 110010011
01011 110010111
10011 100100111
10101 001101011
00011 000100111
10101 001101011
10101 001111011
01000 100100000
01111 100110111
01101 010011011
01101 010011011
11110 111111100
11101 101011010
01100 111011000
00110 100101100
00100 010101000
00100 110101000
11111 011111110
11011 001010111
00101 110001011
11101 101011011
01000 100110001
11100 001011000
10000 111000100
00100 110101000
01001 000111011
10000 111000000
00000 010000000
01100 110011000
10110 011001100
11001 111110111
11010 101010100
00100 010100000
11111 001111111
10101 001101011
10010 011100100
10011 101000111
00111 000101111
11111 011111101
10101 001101111
11101 101010011
11101 100011011
11000 011110000
00001 100000011
00001 100000011
00110 100001100
00110 100011100
10001 011000011
00110 100001100
10100 101101010
01011 110010101
01110 001111100
00001 000000011
01001 100110011
01011 110010111
11001 111110011
11101 100011011
11101 101010011
01111 100111111
11010 101010110
11001 011110011
10010 000100100
11011 001010111
10001 011001011
00101 110100011
10101 001111011
00000 000000000
10100 101001000
10001 011000011
11001 111110011
10010 001100100
01100 110011001
00000 000000000
10000 101000000
10110 010001100
01001 000111011
01100 110011000
10110 011001100
01111 100111111
11110 111111100
01111 100101111
00010 110100100
10001 011100011
10011 101100111
11011 001011111
00011 010110111
01001 000110011
10110 011001100
11101 001011011
01111 100111111
00001 100000111
01100 110011010
10010 001100100
11100 001011000
01100 110011000
11111 010111111
10110 011001100
01011 110011111
01001 000111011
11001 111110010
00100 010101001
10001 011000011
10110 111001100
00100 010101000
01010 010010100
01100 110011010
00000 000000000
10111 111001111
10011 101100111
11011 001011111
11110 111111100
10001 111000011
01000 000110000
00101 110101011
10111 111001111
00001 101000011
01010 010010100
00101 110100011
00000 000100000
01110 000110100
01011 110011111
10100 101101000
00000 000000000
11000 011110000
10010 001100100
11001 111110010
01011 110000111
01100 110011000
01101 010011011
01100 110011000
01111 100011111
01001 000110011
01000 100110000
01111 100111111
00100 010101010
11100 001011000
00101 110111011
11101 101011011
01110 000111100
11111 111111111
10001 011000010
11110 111111110
11110 111111100
11110 011111100
01110 000111100
00110 110001100
10111 111000111
01110 000111100
01100 110011001
01000 100110001
00100 010101000
11111 011011111
10101 001101001
11000 011110000
01111 100111111
11100 101011000
11010 101010100
11110 111110100
01000 101110000
10001 010000011
11000 011111000
11010 101000100
11000 011111000
00110 100001100
10000 111010000
11001 111110011
10010 001100100
00101 110101011
01100 110011000
10011 101100111
01110 000111100
00010 110100100
01101 010011011
00101 010101011
10010 101100100
01011 110010111
11100 001011000
00001 100001011
11111 011111111
11100 001011000
01000 100110000
01001 000110111
10100 101101000
10000 111000010
01010 010010000
10110 011001101
00110 100001100
01110 000101100
01101 010011011
10101 101101011
11110 111111100
01000 100110010
01010 010010100
01101 010011011
10000 011000000
00001 100010011
00010 010100100
10011 101101111
10101 001101011
10001 011000001
10110 011001110
00101 110101011
10000 111100000
10011 101100111
01101 010011011
10011 100100111
11111 001111111
00010 110100100
10010 001100100
00110 100001100
01101 000011011
11100 001011000
00111 000001111
00110 101001100
00001 100000011
00010 110100000
10100 101101000
11011 001010101
11000 011110001
10001 011000011
01101 010011001
10110 011001100
01110 010111100
11001 111110011
11100 001011000
11101 101111011
00111 000001111
11101 101011011
00001 100000001
11101 101111011
10110 010001100
11110 011111100
01010 010010100
00010 110100100
11000 011110000
11111 011101111
10001 011000111
01101 010011001
10101 001001011
11001 101110011
10001 111000011
01001 000110010
00010 110100101
00100 010101010
01010 010010100
01100 110111000
11110 101111100
01011 110000111
11101 101011001
11010 101010100
00010 110100110
00100 010101010
01111 100101111
00110 100001100
11110 111111101
01000 101110000
10001 111000011
00110 100001100
01111 100111111
11110 110111100
01111 100111111
11100 001001000
01101 010001011
00001 100000011
10000 111000000
11100 001011000
11101 101111011
11100 011011000
00011 010101111
01111 100111111
00001 100000010
10111 111001111
00011 010100011
01100 110011000
01010 010010100
00000 000000000
10110 001001100
00110 100001100
10110 010001100
01001 010110011
01011 100010111
01000 100110000
01100 110011010
11111 011111110
00001 100000011
11110 111101100
11111 111111111
10100 101101000
11110 111111100
00110 101001100
01001 000110011
01111 101111111
00111 000101111
00100 010101000
01101 010011001
01111 100111110
11010 001010100
11011 001010111
11101 101111011
10011 111100111
11110 111111100
01110 000011100
01100 110111000
00001 100000001
01010 010110100
10011 101100111
11111 011111011
01011 110010110
10100 101101100
01110 000111101
10111 111001111
11000 011100000
01111 100101111
11011 001110111
11100 011011000
10000 111000000
11000 011110000
11011 001010111
11110 111111100
00011 010100111
10111 111000111
11000 011110000
11111 011111111
10001 011000011
00000 000100000
01101 010011011
00011 011100111
11111 010111111
11110 110111100
01001 000110001
10010 001101100
11101 101011011
10100 101101000
00000 000000000
00001 100000011
00010 110100000
01100 111011000
11101 101011011
11111 011111111
11000 011100000
11001 111111011
10111 111011111
10001 111000011
00010 110100100
11011 001010111
10101 001101011
10010 001100100
00011 010100101
01010 011010100
11010 101010101
01000 100110000
01100 010011000
00101 110101011
10100 101101000
01111 100111111
00110 100101100
10011 111100111
10101 001101011
10110 011001100
10101 001101011
01011 100010111
11010 101010100
10101 001101011
01110 000111100
