01111111100 100111111111100
11100011010 101011010011010
10011111001 111100111011001
00000101010 000000010001010
01011101001 010010101101001
11100001110 111111010001110
11010101111 111010110101111
10011110011 101100111110111
01111111010 010111111111010
00111000000 010001111000000
11011010111 111110111010111
01011101011 000110111101011
10001100110 101000001100110
10001010001 011100011011001
00101010101 010101001010001
10100111111 001100000111111
10111010000 001001101010000
00100101000 000001000101000
01110011100 010111110011100
10111001000 110101101001000
10100111110 111001010111110
00110101000 110101100100000
11000101000 001010000101000
01101100001 110101011100001
00111101100 110001101101100
00100000110 100101001000110
11001011011 101010011011011
10101001011 101001001001011
01010100000 000010110100000
01000011011 110010000011011
01011101100 000010101101100
11110010001 111011100010001
10101000010 011001001000010
10110011101 111001100011101
00000011000 110100000011000
01001000101 010110011010101
11001110111 001010001110111
10111001100 011001111000100
10110000011 111001100000011
11100101001 101011010001001
00111110001 010101101110001
11011001100 101010111001100
10001111010 101000011101010
10000011101 011100000011101
11010010110 101010110110110
00010110110 100100100110110
01011100111 100110101100111
01001111100 000110011111100
00111100100 110101111100100
11010100010 001110100100010
10011011101 001000111011101
00111011001 000011101011001
00100111010 100101000111110
10111001110 001101101001110
01011110111 010110101110111
11011010000 111010101010000
11001110100 111010001111100
10000111101 001100010101101
01010110111 110110110110111
01111100110 000011101100110
01110001101 000011110001101
01100000110 000011000000110
11110010011 101111110010011
01011100011 000010100100011
01100001011 010111010001011
00000101110 100100000101110
11111100001 111010111100001
10111001110 001001101001110
10101000111 001001101000111
00100010111 100001000010101
00101001101 100001001001101
10111011010 011001101001010
00111011110 000100111011110
10100011001 101101010011001
11001001100 011110011001100
10001010011 001001001010011
00101000001 010001001000001
10101010000 111100001010000
00101110011 110101011110011
00100010000 100101010010100
01111100011 010111101100011
01101001011 110111001001010
11100101011 111111100101011
10011011101 001000111011101
10110111110 001101110111110
11100101110 101111000111110
10100011110 101001000011110
11000110100 011010010110100
00111111000 100111101111000
01101100000 000011001100000
11011001111 001010101001111
10000010110 111000010010110
11111011001 011111101011001
10001110011 011000011110011
01110101010 000111110101010
01011110101 000010111110101
01001111101 111010001111101
01000111011 100010010111011
01000101010 100110010101010
10011011111 001100101011111
11010001100 001010100101100
11011111010 111010111111010
11011101000 010110111101000
01100000001 000111010000001
01111001110 010011101001110
11101110000 001011011110000
00010110101 000100000110101
00001110011 100000011110011
11110111001 101111100101001
11111000110 101111111000110
11011010100 011110111010000
00000010111 110100000010111
01111110001 110011101110001
10101111100 001101011111100
01001100101 000110001100101
11100100000 011011010100000
01110101010 000111110100010
00100000010 000001011000010
10111100011 001001100100011
10011000001 011000101000001
10101011011 011001011011011
00101011000 000001011011000
10000101110 011000000101110
01001110011 000110011110011
00110100000 111001110100000
10111101001 011001101001001
10001110100 011100001110100
11110110110 101111100110110
11001010111 001010011010111
01110000101 010111100000101
01001011010 100110001011110
10011001110 011000111001110
01010010000 100010110010010
10000100101 111100010100101
11101111000 001111001011000
11110101101 111011100101101
11111100100 101011111100100
01100011101 010111000010101
10100010000 011101010010000
11011010010 111110111010010
01111001110 010011101001110
00010000111 110000110000111
00001111000 000100001111001
01111000100 000011101000110
01110101101 000011100100101
00110100100 010101100100100
10101101011 111001011101011
11011110100 011110101110100
01010101110 110110100111110
10011110000 001100111110000
11101110000 001011011010000
00110110111 000101010110111
01001001001 110010011001001
10101011110 001000011011110
01110100000 110111110100000
11111110101 100111111110101
00011011111 100100101011110
11111001101 001011101001101
11011100100 111110111100100
11000100011 111110010100011
10010011100 011100110111100
10110010011 011001110010011
10001101001 111000001101001
11100010010 101111000011010
01100111111 010011000111111
11111010011 001111101110011
11100110101 111011100110101
00100110010 100001010110010
00011111000 110000101111100
11000110001 001010010110001
01000001010 110110000001010
10101011110 000001011011110
01100010010 010111100010010
00100001000 110001010001000
00011010011 000100101010011
11011000000 001010111000000
11100110110 011111000110110
11000011101 111010000011101
11101011111 011011000011111
01101001101 000111001000101
00010111000 010000110111000
11111111010 101110111111010
00011111100 010100111111100
10001000000 011000010000000
11111100100 111011111100100
11010101010 101110110101010
00000010110 000000010010110
11100111011 001111010111011
11001100100 001010011100100
00101001010 100101011001110
01111001011 000011001001011
00100101011 100001000101011
01011010000 000010101011000
10000101111 101000010101111
00100111000 110001010111000
11110110111 011111110110111
00000010011 010000110010011
10100000101 111101000000101
10001010100 001100011010100
10011000001 011000101000001
00001101100 010000011101100
10011100001 001001111100001
00101100101 110101001100001
11111011000 101011111111000
11100101000 011111000101000
11101001110 011111001101110
10100101111 101101010101111
10100110000 001101000110000
10111110011 111001111110011
10100111001 111101000111011
00101110001 100001001111001
11000000100 111010010000100
10011110100 101000101111100
11000011000 101010000001000
11100000111 001111010000111
10101001101 011001001001101
00100011011 000001100011011
10010001110 111100110001110
01001010011 010110001011011
01010110001 000110110110001
10001011001 011000001011001
00010101001 010100110101001
00110111101 010100110111101
00010111100 110100100111100
00100111100 010101000111100
11011011100 011010100011100
01010001100 110010100001100
11001101010 111111001101010
10000111000 011100010011000
00000010111 110100000010101
11001011111 001110001111111
00100001101 000001010001101
10011000101 111101111000101
01010110010 100110110110010
11111110101 101111111110101
00101100010 100001011100010
11110111111 011111100111111
01010001110 100110110001110
11101101101 101111011101101
10011011000 011000111011001
01010110101 100010100110101
11110010110 111101110010110
11101001101 011111001001101
11101111110 111111000111110
01110110110 010111100110110
10011010011 111100101010011
00100110101 100101000110101
01010010100 000110100010000
10111100100 001100111100100
10011011000 011000111011000
11000111000 011010010111000
11011111110 011110101111110
00101000110 000101011000100
01010110001 000110110110001
01101111000 110111001111000
01011011101 010110111011101
01101101100 100011001101100
01001110101 110110011110101
00000011110 000100000011110
10001100111 001100011100111
00111101001 100001001101001
00011001011 110000101001010
01001111000 100010001111000
10100101001 000101010101001
01101011001 010011000011001
11011100111 011110101100111
00100001100 110101000001100
00000101110 100100000101111
01111000000 100111111000000
00110001110 010101111001110
11000100001 110010000100001
01110110001 010011110110001
10011011101 101000111011101
11001111100 111110111111100
00011011011 000100111011011
10011011111 011100101010111
10011001011 000000101001011
11101010001 101111011010001
00101101011 000001011101010
00100000100 110101010000100
01101000011 110011011000011
01110001000 000011110001000
01011100110 010010101100100
00110101001 000011110101001
00010000001 000000110000001
00100010101 110101010010101
11011100011 111010101100011
11010000001 011110110000001
11101100000 011011001100000
10001000101 001000011000001
00111000010 010101100000010
01011111100 110010110111100
11000001001 101110100001001
00001011010 000000001011010
00110101001 000001110101001
00001100100 010100011100100
11111100011 101111101100011
00000011010 100000010011010
11011011110 001110111011110
00011111000 110000101111000
00010101010 110100110101010
00010000111 110000110000111
10101101111 011101101101111
11111110000 110111111110000
01010001111 010010100001111
11110100101 111111110100101
00101101010 110101001101010
11101100101 101011001100101
10001001111 011000011000111
01000101000 110000000101000
10100011110 101001000011110
10111111111 011001111111111
00010100110 010000110100110
01110111110 010011110111110
01010100000 000010110100000
00011101011 100000111101011
00110111011 100101110111011
11111111010 100111111111010
01111011001 100111101011001
11101001110 011111001001110
10000011001 111000010011001
00000100000 010000010100000
10000100101 111000010100100
10101001011 100001001001011
01111001010 110111111001010
11101010110 101111001010110
10111111101 001101101111101
01011111110 100110101111111
11010110110 111010100110110
11000100111 001010000100111
00110111010 010001100111010
11111110010 101011101110010
10110111101 101101010111101
00100100101 010101010100101
01101101001 110001001101001
00001011111 010000000011111
10001001111 011001011001111
00100100010 010001000100010
10000110001 101100010110001
11011000001 111110101000001
00000001011 110100010001011
10110010010 111101100010010
10001101001 111000001101001
01100111000 010111010111000
11111000100 111011101000100
10110111110 001101110111010
01001001010 010110011001010
01101010010 110111011010000
01111111110 110011101111110
11001101010 111110001101010
11000000111 011010010001111
10111100100 001101111100000
00001011100 110000001011100
11100100010 011111000100010
01011011001 110010101011000
00110011101 000101100011101
10101010010 001001011010010
10000000111 111100010001111
01111110101 010111111110101
10100011010 001101010011000
10100011111 011101010011101
11101100011 001011001100011
10010110101 111100000110101
01000010010 000010100010010
01100101100 000011010101100
10011110011 101100111110011
00101100011 000101001110011
10001001101 001100001000101
01001101001 100110001101001
01110011000 111011100011000
11100110101 111011000110101
00111010101 100001101010101
00110010111 010100100010111
00011010111 100000111010011
11101100111 111111011100011
01110111110 010011110111110
10111001011 011111101001011
00100011000 100001000011000
10110011011 001101100011011
01100111000 010011010111000
11000111000 111000010111000
01111110010 110011101110010
01101110111 110011001110111
10011111011 001000101111011
00010000010 100000110100010
10011110111 001000101110111
11000101111 001110010101110
00111111110 010101101111110
11000101001 111110010101001
00001110111 000000001110111
01100010111 000111000010111
00111110101 110001111110101
00001000111 100000001000111
10100101000 111001000101000
01111110001 110011101110000
11010011010 001010110011110
11011000011 101010111000011
01110011101 100011100011101
10101000100 101001001000100
00011011000 100001111011000
10011001011 001000101001011
10010001000 001000110001000
00100011101 110001000011101
01110111110 010011110111110
01111001000 100011101001000
11101001011 001111101001011
11001110111 010010001110111
01101000100 110110001000100
01101111101 100111000111101
11100111101 111111010101101
11001101101 111010011101001
00000001111 000000000001111
10111000011 011001011000011
10000101011 001101000101011
00100110110 000101000110110
01101111001 000001011111001
10010100100 111000100100100
10011001011 001000101001011
01110100111 010011100100111
10110001100 111001100001000
00010110100 110010110110100
11011010001 001110111010001
10101000010 011001001000010
11011101101 011110111101101
10100011000 011001000011000
00001011010 000000001011010
11111010111 101011111010111
10011001100 001000111001100
11100001101 011111010001101
10011001110 011000101001110
00010101000 100000100100000
10101000111 001001001000111
00101010001 110001011011001
11111110111 111011101110011
00010101111 100100100101111
11001110011 111110011110011
00011101100 100100101111100
01111111011 100011101111001
10101111111 101101011111101
00101000101 100111011000101
10000010011 101001010010011
00010111001 100100100111001
01011001111 110010111001111
11010110101 011010100110111
01011110010 000110101110010
00110110011 100001110110011
11101001000 101110001001000
11110001111 101111100001111
01111011101 000111111011101
01100001111 110011000001111
11111110000 111111111110000
00001011001 100100001011001
01000010001 101010000010001
11011010010 101110111010010
00110101100 010101110101100
10110111000 111101110111000
00011011010 110100101011010
11111010001 111011111010001
00111101111 011001101101111
01001000010 010110001000010
11111101101 111011111101101
10000110110 101000000110110
11100010011 011011010010011
11111110000 111111111100000
00100100011 100101010100011
11011010111 111110111010111
11000111011 011010010111011
11000101111 001110010101110
10100000010 111001010001010
00001011011 110100011011011
01111101111 110111101100111
01100001101 100111000001101
11011011101 101010111011101
11111100111 001011101100111
11101010011 111011001010011
10011111001 111100111111001
00110000010 110101110000010
00010010110 110100110010110
01100100001 010111000100001
10001100110 011000001100110
11110000111 111011110000110
01010111001 010010100111001
01011000111 110110101000111
01111011010 000111101011010
00111011000 110101101011000
11000010111 101010000010111
01110010110 000111100010110
01000011011 111010000011011
00100011001 010101010011001
11010001100 001010100001100
11000010111 101010000010111
10111100001 011101111100000
11010010101 001010110010101
10011100010 101001111100010
01000010100 110000000010100
10001100010 011100001100010
01001101110 100110011101110
10101101101 001001011101101
10100001111 101101000001111
00010111010 000100100111010
01011110001 100110101110001
11101010010 001111011010110
00000011111 110000010011111
11100001100 101011000011100
11100110011 001011001110011
00011001100 110100111001000
11010011110 101110100011100
10000011110 111100000011110
10111010100 101101111010100
11000011111 101110010011111
01010000010 000110110000010
00010011000 000000100011000
10100010101 001101010010111
10001110001 101100001110001
00001101100 010000001101100
01110001010 010111100001010
10100001100 001101000001100
10110001101 001101110001101
00000011111 110000010111111
00011010011 000100101010011
11000101101 011010000101101
01101110000 110011011110010
01100011111 000011010011111
00100111001 000101000111101
01111110010 010011101110010
10001100000 001000001100000
00001101010 100000001101010
11001001101 101010001001101
11011010011 011010001010011
01001110000 101110011110000
01000100111 100010000100111
01110100000 010111110100000
10000110000 011000000110100
10111100000 101001101100000
00000001000 000100010001000
01100011101 010111000011101
00110101111 110001110101111
11100001110 111111010001110
01101110000 110010011110000
01111010100 110011111010100
00010101000 101000100101000
00001000000 100000011001000
10010110100 001000110110100
00011111101 100000101111101
00111110011 000001111110011
01100011010 010011010011010
11100101100 111011010101100
01011111000 010110001111000
11110100011 001111110110011
11100111010 111011000111010
00010110011 100100100110011
00111001111 000001111001111
10000111000 011100010111010
01010101110 110100100101110
01110101001 110111110101001
01111010000 010111101010100
11000000000 011110000000001
01100111001 110011000111001
01011111001 100010111111001
01010011110 000110100011110
11000111100 011110000111100
10101101000 011001011101000
10100110000 011101000110000
01011010101 010010101010101
01110000111 000011110000111
00101011001 110001001011001
10110110110 001001000110110
00110111010 010001100111011
11001110001 101010001110000
11000010111 101010000010111
11011010000 111010101010000
11100111111 001011000111111
11011010010 101110111010010
00011010111 100001111010111
10100000101 111101000100101
10011011001 101101101011001
01011010111 000110111010111
01001001111 000111011001111
00110000000 100001100000000
11001100101 111110001100101
11100111000 101111010111000
10101100010 001001010100010
10000001001 001000000001001
01001000000 000110011000000
00010001000 110000110001000
10001000101 001000011000101
11011110110 011010111110110
01111101010 100111101101110
10100001000 101001010001001
01100110011 110010000110011
00101101110 010001011101110
00011010011 000100101010011
10110010011 001001110010011
10000011001 111000010011001
10110000011 111001100000011
11000010111 111010000010111
00111011100 010001101011100
10000111110 111100010111110
11111101101 011011111101001
00110000000 100101100000000
01110101110 100011100101110
10001110110 001000011110110
00110011011 110101100011011
01110000111 000011110001111
11000000100 111010010000100
00100011110 010001000011110
11011010010 101110111010011
11111011101 111011111011101
01000001010 110110000001010
11111010111 101011111010111
00010100000 100100110100000
11011110011 101010111110011
01110101000 010011100101000
00100001010 000101000001010
10000100011 001000011100011
11010000010 111110110100010
00100101111 000101000101111
11101000101 111011011001101
11111111100 011111111111100
01000000011 000110000000011
10011001001 011100111001001
11001101101 111010111101101
00011001110 100000101001110
01101000111 010111001100111
11100010000 111011011010000
10001000010 001100001000010
10000111011 111100110111011
01000111101 010010010111101
00000101001 100000010101001
00010010101 010100110010101
10011100111 110000111100111
10111000111 011101101000111
10111111111 011001101111111
01100010101 010011010010101
01010000101 000010000000101
11000000000 011110000000001
11101100010 101111011100011
11101111111 011011011111111
10011010110 101110101010110
00011011111 000100101011111
11001101000 101010011101001
11000110111 111010010110111
10000110011 111100000110011
01111110101 010111111110101
01100001100 010011000001100
10101111010 111101011111010
00100100110 110101010100110
10011010101 001100101010101
00110000110 010001100000110
01111001110 010011001001110
11001110000 111110011110000
00010000111 111000110000111
00110111110 110101010111110
11101100011 011011001100111
00111010011 010001111010011
00000010111 110100000010111
10110101011 101101000101011
10001001111 011000011001111
00101111111 010101011111111
01010000111 010110110000111
01001101101 000010011101001
00100101001 110001010101001
11100000011 101011000000011
10101001001 111101011001001
01010111110 000110110111110
11001101100 001110001101100
10100111110 111001010111110
10101101111 011101001101111
10101110100 001011001110100
11111101100 101111001101100
11110001110 001011110001110
11011111100 001010111111100
00011010010 110001111010010
01000100010 100000000100010
00011011110 010000111011100
00001011100 110001001011100
01001000011 100110011000011
01110011001 000110110011001
01100011000 010111000011000
11001101010 111111001101010
10101010000 111111001010000
10011001110 001000101001110
01010110110 000010100110110
01011001110 000110101001110
00011100010 010010111100010
11000111101 101010010111101
00100001101 000001010001101
01110001011 100011110001011
00000011000 110100000011000
01011101001 010010101101001
11000111011 011010010111011
01111111011 100011101111111
01011110110 100011111110110
11101111100 101011011111100
00010101101 110000100101101
00000100010 000100000100010
11111110000 111111111110000
01101100010 010111011100010
00010000011 010100100000011
10011001001 001100111001001
01111001000 100011101001000
11111100111 101011111100111
01101100011 101011001100011
10111001011 011101101001011
11101010111 011111111010111
00101011010 011101001011010
01111110010 010011101110010
10110101000 001101100101000
11110100000 101011110100000
11101100010 001111011100010
10101011011 011001011011011
00010100110 010100110100111
10011110010 011100101110010
11001011001 111010001011001
10110101000 001101100101000
00000010000 110000010000000
10100110111 001001010110111
10001101111 001000001101111
01010101001 110010110101001
10010010101 101100110000101
10001000001 111100001000001
11111000101 001111110000101
01100110100 110111010110100
00110101101 000101100101101
11000000010 001010011000010
11001101111 101110001111111
10001100010 011101011100010
01101111110 000111001111110
10001100111 001100011100011
10111011010 011001101011010
11111110001 001111101110001
01001011010 100110001011000
01000000101 110111000000101
11101101110 011111011101110
11100111110 011111010011110
00111011000 110101111111000
11111100000 011111101100000
00011000100 110100101000100
11111000110 101111111000110
00111011000 110101111011000
10101011100 011100001011100
00100110000 110101000110000
00100010110 000101010010110
01110110100 000011110110100
10011101001 001100101101001
01001111000 100010000111000
11010100101 101010110100101
11000010000 101110011010000
10100000110 011101001000110
00110001111 100001110001111
11001001011 001010001001011
11001011001 111110001011001
10001000011 111000010000011
10110101100 101001110101000
11101100000 111011001100000
01010101001 111010110101001
10111100100 001101111100100
01011001001 000010101001001
11011000010 011110101000010
01010101100 100010110101100
01110110010 110011110110010
10000010111 001100000110111
01001110010 111010001110010
10101100111 111001011100111
01000011011 100010000011011
01110110100 000011110110100
11001111101 001010001111101
10001001100 111000011001100
00001001010 110000011001110
01010101001 110010110101001
00101110000 010001011110000
00100010110 010101010010110
10110000110 101001100000110
11010001100 001010101001100
01001010100 010010011010100
00011100111 100000111100111
10010000111 001000110000101
10001100011 101000001100001
11100101111 010011010101111
00111100001 100101111100001
01001110101 110110011100101
00011001011 110000101001011
01001000111 000010001000111
01011011001 110010101011001
00110011111 010001100011111
01001011010 100110101011010
11011100110 101010101100110
10011000001 011000101100001
01110100111 010011100100111
10110000011 111001100001011
01101010000 100011001010000
01100011011 100101000011011
01111110100 101011101110100
10011010000 001100101010000
10110010001 011101101010001
01001101100 110110001101110
01100011110 110111000111110
01101111110 000111001111110
01101011111 101011001011111
10000110110 101000000110010
00100011000 100011000011000
10110101011 101101100101011
01011111101 000110101111001
00010000111 110000110000111
00100000111 010001010000111
01100000111 110111010001111
11011001101 011110111001101
10110000110 101001100000110
01000001101 110010010001101
11100001100 101011000001100
11100100100 111011000100100
01101111000 110111101111000
10001011101 111100011111101
00001111010 010000011111010
00010111100 110100100111100
00111100110 100001111100110
01111110001 110011101110001
00101100100 000001011100100
00000101100 110000110101100
01100100111 100111000100111
11011001010 011010111001010
00111010010 000101111010010
11011111110 011110101111110
10100101110 001001000101110
00111111100 000001111111100
00011101111 000100101101111
10110101010 011001110101010
11000011011 001010000011011
01111011001 110111101011001
01010001010 000010110001010
10011100011 011000101100011
01010100001 110110110100001
11111011100 011111101011100
11011100101 001010101100101
00100111111 010101000111111
00000000010 010101010000010
00011101110 110010111101110
00001010101 000000001010101
01100110110 100011000110110
01010110000 110010100110000
01001101010 000110001101011
11100110000 101010000110000
00001001111 100000011001111
01001001110 110010001001111
01001101010 000110001101110
10000011000 001100010011000
01101001110 100111001001110
00011101101 010000111101101
10110011011 001101100011011
00001001111 100000011001111
10010100101 001100100100101
11110001010 101111100001010
00101001011 010001001001010
01001111010 110110011111010
11010101110 001110100101110
10100100101 101100010100101
11100001010 011011000001010
10100001001 111101000001001
01110011101 000011100011101
11111111101 101011101101101
10011110111 001000101110101
11101101001 001011001111001
00100111101 100001010011101
11111101110 111011111101110
01010110011 010010100110001
01111000100 000011101000100
10111010010 011101011010010
11010000000 101010100000001
11001000010 100010001000010
10001110100 011110001110100
01010010110 010010110010111
00000101101 000100000101101
10111001100 011001110001100
00100110111 110001010110111
00100001001 100001000001001
10000101110 011100000101010
00100001111 010101000001111
10011101001 001100111101001
10011010010 001000111010010
10001000000 011000011000100
10000111010 001000000111010
11110110000 011111100110000
00000111011 000100010111011
00010000110 000100100000110
00000100110 100000010100110
00011110011 010100111110011
00110000000 100001100000000
11101110110 101011011110110
00011111000 110000101111000
01111000101 110110111000101
00110000010 110101110000010
11011001001 101010111001001
11111101000 001011111101000
00000101111 010000010101111
01011010001 110110111011001
00111110111 100101100110111
10000001110 001100010001110
10001000001 101000001000001
10001100111 001100010100111
11011111001 011000111111001
11001101101 111010011101101
10110000010 001101010000010
01100111000 010111010111000
11011011010 101010101001010
11111110010 101011101110010
10010110101 111100100110101
11101011000 011111011011000
10001010000 101000001011000
01110001110 110011110000110
01110010110 000111110010110
11001011010 011110001001010
11100000101 011011000000101
11010010001 101110100010001
11011011011 011110111011011
11000001001 101110000001001
01100111110 100011010111110
11001111101 011010001111101
11011000000 101010111000000
00110010011 110001110010011
00111110010 110101101110010
01101101001 110011000101001
11101111101 011111001111111
11010110110 111110100110110
00111000001 110101101000001
00000111100 001000000111100
01100011111 000010010011111
00100101100 100101010101100
11011111010 011010111111010
01010010011 000010111010011
01000011000 010010000011000
00101111011 110001001111001
10110110000 111001100110000
01010100101 010010110100111
10100001111 101101000000111
00010110010 000000110100010
00011000111 010000101000111
00101111001 100101011111000
11111000000 011111111000000
01011101011 000110111101011
10000101010 111100010101010
01011001101 100110101001101
10010100011 111100110100111
11111110001 001011111110001
11000110000 111110000110000
10100011011 111001000011011
11100100110 101011010100110
01011011010 010010101011010
10110100101 011001110100101
11111111111 111111111111111
00011010100 000000110010100
10011001011 001000100001011
01001010100 010010011010100
01110010110 000111110110110
00001110110 110000011110110
11010011011 111110100011011
01101111010 100011011111011
01010101011 100100100101011
11001011111 001110001011111
11001010110 111110001010110
10110101001 111001110101101
11101010101 001011001010100
11110010001 111011100010001
01010010000 100010110010000
01100001100 010011000001100
10001110100 011100001110000
10111011100 101001101001100
00101101111 100100001101111
11111110011 011111111110011
10110000100 101101110000100
11101000011 000011011000011
10001001100 111000011001100
10101000110 111101011010110
00010111111 010100100111011
10010110100 001010110110100
01110111001 010111100011001
01101010111 100111011010111
11101010001 101111011010001
01101110000 110011011110000
10101111011 001001001111111
11011001010 011010111000010
11010011001 101010110011001
00011010111 100000111010011
10000111000 011100010111000
01010101010 010010010101010
11000101110 111010000101010
10110100011 101001110100010
00011000000 010100111000000
10101010000 111101001010000
00110101110 000101100101110
11110100111 101011100100110
10110001111 011001100001111
11011101101 001110111100101
01001111010 110110011011010
01101011111 100011001011111
01000110001 110010000110001
00111001101 010101101001101
11110110010 101011110110010
11100011111 111011010011111
00000011010 100000010111010
11010101000 111110100100000
