110011001 0010100111001
010101001 1001101001000
111000010 0011110100110
001011101 1100000011101
001010100 0000010010100
011110011 0001101110011
011011000 0000110011001
111010010 1011100010010
110110001 1010101010001
010000010 1000000100010
001010010 1100000010010
011011001 1001110111001
100101001 1110001101001
000001100 1010000001100
010111100 0100101011100
101010101 0100010110101
101111010 1011011111010
010100101 0001100000101
101000110 0110010000110
111101101 1110111101101
001110111 0100011010111
110101101 1011100101101
001100110 0101011010110
011100000 0001111000000
000010001 0011000010001
001011100 0101010111100
100101110 1010001100110
111111111 0111111111111
000100010 1000001100010
111111001 1011111111001
000101101 1100001101111
001000001 1100010110001
001001110 1100010101110
010011101 0000100011101
000000110 1101000000110
111010011 0010110100011
100011010 0011000111010
010100101 0001100000101
001010010 1100010010010
011011101 0111110011101
001101110 0001011101110
000111110 1100011011110
101100100 1010011100100
001010111 1001010010111
111110100 1011111010100
100101110 1010001101110
101100011 0110011000011
010110010 1101101000010
101010110 1110010110111
010001000 1101100101000
010011100 1001100111100
010110000 1100101110000
011101001 1100111001001
000010101 1101000100101
011100001 1010111100001
010101110 1101101101110
000001000 0100100101000
100100101 0100001000101
101011001 1110010111001
000001010 0111000001010
011011000 0000110011000
100011001 1011010111001
011000010 1101111100010
101100101 1011011000101
100101001 1110000001001
111000010 0011111100010
010001110 0000100101110
110101010 1111101001010
100111000 1111001011000
111001111 0110110001111
110101111 1010100001111
100110101 1110001110101
011010010 0101110010010
100111110 1010001011110
100101100 1011001001100
110101100 0110101001100
011010001 1101110010001
100000110 0011000000110
101111111 1110011111111
000111111 0101001111111
101011101 0010011011101
111011010 1111110111010
100100101 0110001000100
110110101 0111100110101
000101111 1101001001111
010011110 1000100011110
001010100 0000010010100
001110001 1001011010001
010100000 0100101000000
001111111 0000001111111
000010000 1000000110000
110110000 0011101110000
110101101 1011101001101
000100100 0001001100100
010010100 1101100010100
100011011 1010000011011
010111010 1001101111000
101001100 0011010000100
110111100 1010101111100
001001000 0001010101000
010000001 1000100100001
110100101 1111101000001
010111000 1000101011000
110011001 0010100111001
110101101 1011101101111
010100111 0000101000111
011010001 1101100010001
110010101 1010110110101
101001000 0111010101000
110010101 1110100110101
010111100 0110101111100
011111000 1101111111000
110011010 1010100111110
111001011 1110110101001
011010011 1100110110011
010011101 0001100011101
010101000 1000101101000
101000110 0110000000110
101000111 1111010101111
001111101 0001011011111
110110011 1010101110011
101001111 1011010000111
111001001 1111010001001
111001011 1110110101011
010100111 0100101100111
111001001 1111111001001
100111100 0011001111101
010011100 1001100011100
111000100 1110010100100
001010011 0101010110011
001001000 0001010101000
100100100 1111001100100
001101001 0101001001001
101000100 0111010100100
011100101 0100111000101
110101100 0000101001100
001010001 0000010010001
010101010 0001101001110
110001110 1110101101110
010000000 1001100000000
101000001 0010010000001
000000111 0100000100111
011111111 1001111111111
010001100 0001100001100
101000101 1110000000101
111100110 0010111000110
111010011 0010110110011
001100001 0001011100001
101000001 0010010110001
001100100 0100010100100
011001000 1000111101000
101110111 1010001010111
000101100 0001001001100
011111111 1001111111111
000001101 0001000101101
100100000 0011001000000
111010011 0011110110011
100000001 0111100100001
000010000 1000000110000
111000011 1010110000011
001010001 0100010011001
001110001 0001011010001
001001000 0001010101000
001101010 1101011001010
100011010 0011000111010
000001001 1101001001001
101100001 1111011100001
111110100 1011111010100
011100010 0100111100010
010000011 0000100000011
101011111 0011110111111
110101100 0010101001100
110010000 1111100110000
010100011 1100101000011
101010010 0010010010110
111111111 0111111111110
111001111 0010010001111
101111110 0111011011110
000100010 1100001000010
010111101 1101101011101
000100011 0101001000011
010100101 0101101000101
011101111 0001111001111
100000010 1111000100010
100001101 1111000101101
010001010 1100100001010
000000100 1000000100100
001111010 0101011111011
011000000 1100110000000
101110000 1111011110000
101111100 0110001111100
000010001 0001000010001
100110011 0001001110011
111000111 0110110100110
010111111 1100111111111
111110110 1010111110110
111011100 0010110111100
100011100 1110010111100
001100101 1101011100101
010000000 1011100000000
010111111 1101101111111
101010111 0111010010111
110110101 0111101110101
100000011 0110000000011
010100110 1001101000100
110001101 0110100101101
011111010 1000111111010
101010010 0010010010010
010010001 1000101010001
010111011 0000101011001
100110101 1110101110101
100010011 1110000110011
111111000 0011111011000
111110010 0110111010010
110001000 0011100111000
011010010 0101100010010
010011011 1100100011011
111101010 1000111001010
010000101 1100100100101
111111010 1010111111010
000110100 1001001010101
001111010 0101011111010
111111000 0011111011000
011010010 0101110010010
000010101 1111000110101
111000100 1110110101100
010000111 1001100100111
100000100 0000000100100
101110000 1110011110010
111101010 1010111001010
110010101 1110100110101
010100101 0001101100101
000001000 0100000101010
110000010 0110100100110
110100010 1011101100010
111001110 1011110101110
010101101 0101101100101
101000011 0011010000011
101010110 1110000110110
011000011 0100110000011
000011011 0000000011011
000010011 1000000110011
000001001 1101000001001
011011000 0000110011001
011000000 1100110000000
110000111 0011100101111
110110001 1011101010001
111011110 0011110001110
001001000 0000010101000
000111001 1000001111001
111111111 0111111110111
000110111 0001001010111
101001110 0010000101110
001110111 0100011010111
000110010 0100001010110
111000001 1011110100001
100010011 1110000110011
100100001 1010001100001
001100111 1100011000111
111111010 0010101111010
001101101 1001011101101
000100010 1100001100110
001101100 0000011001000
101100110 1011011000110
100110110 0110000110110
100111001 0110001111000
111100111 1011111100110
100001010 1011000001010
101111110 0111011011110
000110110 1010001110110
010101101 0101101111101
110100000 1010101000000
011001010 1001110001110
101110111 1010011010111
011101010 0100101001010
001100011 0000011000010
100101100 1011001001101
000101011 0101001101011
100100111 0111001100111
000110001 1100001110001
010011011 1101100011011
100111100 0011001111100
111110111 0011111010111
101101100 1111011001100
010000000 1001100000000
100011000 0010000011000
111111010 0010111111110
110000110 1010100000110
111100101 1010111000101
001010001 0100010010001
001000100 1001010100100
110100110 0111101000111
001110010 0001001010010
000111111 0101001111011
110001001 1010101001001
101001010 1110010001010
111100101 1010111000101
000011010 1100000111010
011000110 1001110000110
111000100 1110110100100
010111111 1100101110111
010000111 1101100100111
110111111 0010101111011
110010000 1111100010000
110000010 1110100100010
010111111 1100101111111
001111100 1000011111100
001001100 1101010001000
111111000 1011111011000
101100101 0011111000101
101011100 1011011111100
000000110 1101000010110
111000010 0010110100010
111010101 1111110110101
011001110 0101110101100
101110001 0111011010001
110010001 0110100110001
100110101 1110001110101
000011010 1101000111110
101101000 0010011101000
000000001 1001000110001
001011110 0100010011110
001010100 0001010110100
000000010 0001000110010
111010001 0011110010001
000101100 0101001011100
010011010 0100100111110
001100000 1001011000000
011011001 1001110111000
111100001 0110111100001
011101111 0001111001111
111011011 0110110011011
000010111 1101000010111
000100111 1001001100111
110011011 0011100011011
111010111 1110110010111
011101110 1000111111110
110111001 1111101101001
111010111 1110110010111
010100000 0100101000000
010000001 0000101100001
110010011 0111000110011
110111001 1110101111001
111111111 0011111111111
010100001 1101101100001
010010000 0001100110000
110000111 0011100100111
001111011 1100011011011
001101111 1000011001111
010101101 0101101101111
101000001 0011010100001
010010011 1011100110011
001100000 1010011000000
010111110 0111101011110
000001100 1000000001100
110110100 1110101010101
101110101 1011011110101
100011101 0101000011101
100010101 0011000110101
001011100 0101010111100
110101101 1011101101101
100101110 1010001101100
100110000 1011001111000
000101101 1100001101101
101011111 0011000111111
011011001 1011110111001
001110111 0100011010111
001111101 0000011011101
001000010 0000010100010
000111011 1001000011011
000111110 1100001011010
001101110 0001011101110
111001011 1110110111011
101000011 0011110000011
100110001 0010001010001
110100111 1110101100111
100100010 0010001100010
010111000 1000101011010
011011010 0001110111010
101000100 0111010100100
001010000 1101010110000
010111000 1000100011000
011011100 1110110111100
000010111 1100000010111
001000010 0100010100110
101110100 0010011010000
110110011 0010101110011
001111000 0100011011000
011000001 0101110100001
011101100 1001111001100
100100001 1010001100001
011001011 0000110001011
000110100 1000001010100
101011100 1001010111100
111010000 1010110111000
000001100 1000000001101
100011101 0111000011101
101000011 0011010000011
101011101 0010010011111
000010010 1001000010011
010111110 0101101010110
111001101 0011110111101
001111101 0001011011001
101000001 0010010100001
100110111 1111001010111
001011010 1000010101010
111100011 0101111000011
000100011 0101101000011
101111101 1111011011111
000100001 0100001100001
000101010 1000001001010
010101110 1101001101110
100110011 0011001110011
000100110 0000001000110
011100110 1100111000110
000101111 1101001001111
001110000 0100011110000
101100011 1110011100011
011000000 1100110000001
001110000 0000011110000
011010110 1001110100110
001110011 1000011010011
000101011 0001001101011
100011011 1010000011011
001011010 1000010111010
110000111 0011100000111
010101010 0001101001011
011010100 1000110010100
110110000 0010101110000
110100101 1111101000101
110101010 0111101001010
101100001 1101011100001
101011101 1010010011101
011001101 1101110101101
010100110 1001101000110
101100001 1110011100001
010011001 1000100111001
100001001 0011000001001
111010000 1010110110000
101010101 0110010110101
111001111 0010110001111
010111001 0001101111001
111100111 1011111100111
010101010 0001101001010
100110010 1010001010011
001010111 1001011010111
100001111 1110000000111
101011110 1010010011110
110100010 1011101100010
101011010 0110010111010
000110011 0101001110011
111100000 0111111000000
010111001 0001101011001
110101101 1011101101100
000000100 0100000100100
111001011 1110110001011
010111011 0000101011011
100101010 0110001001010
110111010 0101101111010
001111111 0100011111111
000100100 0001001100100
010100111 0000101100111
001111011 1100011011011
111000011 1010110000011
101000011 0011010000011
000011100 0000000111000
001000000 0101010000001
011111110 0000111011110
101011100 1011010111100
000100011 0101001000011
111000010 0011110100010
111001110 1011110101110
110101011 0110101101011
000110100 1001001000100
101001101 1010010101101
011000100 0000110100100
100111100 0011001011100
011001101 1101110101101
100011110 1111000011110
000111100 1101001111100
101101101 0111011101101
011011010 1001110111010
010000010 1000100100010
010001000 1101100101001
101111010 0011011111010
100101000 0110001101000
111100110 0010111000110
110001010 0010100101010
110111001 1111101111101
001000010 0100010110010
001011101 1100000011101
011010101 0001110110101
100111101 1010001011101
100011110 1111000011100
011111110 0001111011110
110000100 1011000100100
011001100 0100110001000
010001000 1101100101000
010010010 0000100010010
100010011 1110000110011
001100111 1100011100111
100010001 1111100010001
011100000 0001111000000
011000111 1000110100111
001111111 0000011111011
011100110 1100011000110
101110111 1010011110111
110000110 1011100000110
001011000 1001010011000
010001001 0100100001001
101101111 0110011001111
111100111 1011111100011
010011110 1000100011100
110111110 1011101011110
101111111 1110011111111
110101000 1110101101010
000000110 1101000000110
010001111 1001100001111
110110010 0011101010010
011110010 1000111010010
011100111 0101111110111
011000110 0001110000110
101111011 0010011011011
011010101 0001110110101
111000010 0011110100011
011111110 0000101011110
011000110 0001110000110
011010001 1101110010000
111110011 1111111110011
111001001 1111110001000
000110011 1101001110011
101100000 0110011000000
110100110 0111101000110
000111110 1100001011110
101001101 1010110101101
001010000 1100010110000
000010000 1000000110000
101010111 0111010010111
010110001 0101101010001
011010101 0001110111101
011110001 0000111010001
111001001 1111110101001
100111011 0111001011011
001001000 1001010101000
011101010 0101111001010
010001010 1101100001010
100111011 0111101011011
110010110 0010100111110
111111001 1010111111001
001011111 1101010111111
100011100 1110000111100
101101000 0010011100000
001111000 0100011011000
110110110 1111101110110
110110111 0110101010111
011111110 0000111011110
101000001 1010010100001
000010011 0000000110010
101111100 0110011101100
101111000 1010011011100
110011010 1011100111010
011001000 1000110101010
000001011 1100000101011
100001010 1011000000010
100011011 1010010011011
111101100 0111111001100
111100000 1111111000100
011100111 0101111100111
001101100 0000011001000
100110111 1111001011111
110101100 0010101001100
000000111 0100000100110
101100101 0011011010101
000011010 1001000111010
100100110 1110001000110
000111011 1001001011001
111110110 1010111110010
111110101 0010111110101
100000100 0010000100000
110101010 1111101001010
111111110 0110111011110
111000111 0110100100111
000110101 0000001110101
100110110 0110001110111
010011010 0100100110010
100011001 1011010111001
011001111 1100110001011
110110011 1010101110111
100010100 1110000010100
001110011 1000011100011
011011000 0000110011000
011011110 1101110011110
011001100 0100110001000
111011111 1010110111011
110111101 0011101011101
100010101 1011000110101
110101011 0110101101011
011010101 0001110110101
100000011 0110000000011
101101011 1010011101011
001110010 0001011010010
101100001 1111011100001
100000011 0110000000011
101011100 1011010111100
001101101 1001011101101
011101110 1000111101110
111000111 0110110100111
111011101 1011110011101
011000001 0101110100001
011110110 0100111110100
110110110 1011101110110
101110010 1111011010010
100010000 0110000100000
001110000 0000011110000
101011000 0111010011100
010101110 1101101101110
000010100 0100100010100
010010111 0101100010111
001111001 1101001111001
100000111 1010000100111
000010010 1001000010000
010001011 0101100100011
010111101 1101101011101
111100010 1110111100010
100001100 0110000001100
110111001 1111101111001
100111111 1011001111111
110100001 0011111100001
001111111 0000011111111
000011000 1100100011000
111000001 1011111100001
110111001 1111101111001
000010010 1001100010010
010101110 1101101101110
001001011 1001000101011
000110011 1101011110011
110011111 0111100111111
100011110 1111000011110
101101001 1011011001001
101100010 0111111100010
011101100 1011111001100
100100101 0110011000101
001101010 1101001001010
101001110 0000010101110
110010111 1011000010111
111111101 0110011011101
111111110 1110111011111
100010010 0111000010010
001101001 0101011001001
011011010 0001110111011
110100011 0010101000011
111101111 0111111001111
001011110 0100010011110
001010000 1101010110010
001000010 0100010100010
110110100 1110101010101
011111100 0001111111100
101011110 1010010011110
110110000 0010101110000
100101010 0110001001010
110100111 1110100100111
010110110 0001101110110
001011101 1100000011101
110010010 1110100010010
001010111 1001010000111
001010010 1100010010010
111110100 1011111010100
011110100 0101110010100
010100001 1101101100011
111110001 1110111010000
111010110 0111111110110
010001100 0001110001100
111100010 1010111100010
111010000 1010110110000
110001101 0110100101101
100110101 1111001110101
011011110 1101110011110
011110011 0001111110001
101010111 0111010010011
011111110 0000011011110
101110101 1011011110101
100000001 0110000100001
000011111 1000000111111
010111100 0100101111100
110110110 1111101110110
111101000 1011011101000
000101010 1000001000010
100010001 1111000010001
000100100 0001001110100
110001001 1010100001001
011000110 0001110000110
000100001 0100001100001
101000011 0011110000011
000100100 0001001100100
101110000 1110011110000
001110111 0100011010110
111110111 0011111010111
101000111 1111010000111
011001111 1100110001110
111001000 0110110101000
110001010 0010100011010
101001101 1010010101101
010100001 1100101100001
011110101 1100011110101
000101101 1100001101001
011010001 1100110010001
000001111 0000000001111
110001001 1010100001001
100101110 1010001101100
110010110 0010100110110
011101101 0000111101101
111110001 0110111010001
010011100 1000100111100
011101101 0100111101101
010010111 0101100010111
011100001 1000111000001
110010001 0110100010001
001111111 0000011111111
001111101 0001011011001
111101001 0010111011001
010000111 1101100000111
010011000 0101100011001
011100111 0101111100111
101011110 1010010011110
101001100 0011011001100
101110100 0010010010100
010001101 1000100101101
011011000 1000110011000
101111011 0010011011011
110100101 1101101000101
110110100 1110100010100
101001100 0011010001100
010100001 1101101100001
111010001 1011110010001
110100001 0011101100001
101100000 0110011100000
001001101 0100110101101
010111011 0000101011011
101100110 1011011000110
110010111 1011100110111
111000101 0110110000101
111110011 1111111100011
111101101 1111111101101
110111000 0010101011000
001000100 1001010100100
110100010 1011101100000
111110111 0011111010111
010111111 1100101111111
001100111 1100011110111
000101011 0101001101011
010100000 0100101100000
010110101 1001101110101
101110101 1011011110100
011011110 1101110011110
000100110 0000000000110
011010010 0101110010010
000010101 1101000110001
110110110 1111001110110
100010111 0010000010111
001011001 0000010111001
001100110 0101011000111
110101000 1110101101001
110110101 0111100110101
001100111 1100011100111
100101011 1111001101011
010101000 0000101101000
010011110 1000100011110
011000000 1100111000000
110011010 1010100111011
111001100 1010100001100
110110010 0011101010010
011111010 1100111011010
100011001 1011000110001
100011000 0010001011000
100101100 1001001001100
100011101 0111000011101
000011111 1000000111111
011110100 0101110010100
001100110 0100011000110
101111010 1011011111010
011101111 0001111011111
110001011 1011100101010
010010010 0000110010010
011000000 1100110000000
000000011 1000000000001
100110100 0111001010100
010011010 0100110111010
000001001 1101010001001
011110111 1101110010111
010110000 1100101110000
111011010 1111110111010
010010000 0001100110000
110011111 1111110111111
010111010 1001101111010
111101000 1011111101000
010010111 0101100010111
000101101 1100001101101
010110001 0101101110001
000001001 1101001001001
000111100 1101001111100
010000000 1001100000000
101110010 1111011010010
100100001 1010001100001
101110010 1111011010000
000110110 1000001110110
010101001 1001101011001
101010100 1111011010100
100010011 1110000110011
111011111 1010010111111
000010101 1111000110101
001011110 0100011011110
100111011 0111001011010
001011010 1000010110010
110101001 0111101001001
110101000 1110101101000
101101101 0111011001101
110100000 1010101000001
101100010 0111011100010
011101001 1100111001001
000001001 1101000000001
100100111 0111001100111
010110100 0000101000100
110001011 1011100101011
101001000 1111010101000
011011000 0000110011000
001001010 0000010011010
111111011 1011111011010
101000111 1111000100111
000100010 1100001100010
110000111 0011100100111
000011000 1100000011000
000111100 1101001111100
110000001 1110100101001
100000000 1110001000000
001010011 0101010110011
110101100 0110101001100
011010110 1001010110110
101100011 1110011000111
101100010 0111011100010
110100010 1011101100110
111100100 0011111100100
011110010 1000111010011
101111111 1110011101111
110010001 0110101010001
001110011 1000011110011
001110101 0101011110101
011100010 0000111100010
101010001 1010010010001
110011111 1111100111011
100111001 0110011111001
000000011 1000000000010
100100111 0111001110111
001100001 0001011100101
010001000 1101100101000
000000101 0101000000101
000001111 0000100001111
000000000 0000000000100
110001011 1011100100011
011000000 1100110010000
011100000 0001111010000
110010010 1110100010010
001111111 0000011111111
010001110 0000100101110
000001111 0000000001111
000010001 0001000010001
000010101 1101000111101
011001110 0101110101110
000001001 1101000001001
110010100 0011100010100
001100001 0001011100001
100010111 0010000010111
001101100 0000011001100
100011100 1110000111100
010010010 0000100010010
110100111 1010101100111
111100001 1110111100001
100011010 0011000111010
100101100 1011001001100
101110111 1010011010111
110000100 1011100100101
001010111 1001010000111
010000110 0100100000110
100110001 0010001010101
001100111 1100011100011
011011000 0000110011000
101110111 1010011000111
111111011 1111111011011
001111110 1001011011010
000101000 1001001101000
101111010 1011011111010
010010000 0001100110000
101101010 0011111001010
110101011 0110101101111
111110111 0011111010111
110101101 1011101101111
111011001 0111110101001
000101010 1000001001110
101110001 0111111010001
111110010 0110111011010
100001011 0010000101011
011101110 1000111100110
100100110 1110001000110
000000101 0101000000111
000000100 1100100100100
001010000 1101010110000
100000001 0111000100001
011010001 1101110010101
111000001 1011110100001
011100100 1101111100110
010100110 1001101000111
111101110 1110111101110
001001101 0100010101101
000011011 0100000011011
101011010 0110010011010
000101111 1101001001111
111101101 1110111100101
010111101 1101101011001
000011110 0001000011100
100100110 1110001000110
101111000 1010011011000
101011010 0110110111010
001111010 0101011111010
101111101 1111011011101
011011101 0101100011101
111011111 1010110111101
100010100 1010000010100
000001110 1001000101110
100110001 0011001010001
100110110 0110001110110
000110011 1101001110011
011100101 0100110000101
000000110 0101000000110
001010110 0000010110110
101110000 1110011110000
100100101 0110000000101
011101100 1001111001100
001101111 1000011001111
000110000 0101001110000
100000101 1011000000101
011001111 1100110001111
000010100 0100001010100
111001010 0111010001010
000111101 0100001011101
110011001 0010100111001
110010100 1011100010100
000000001 1001000100001
111111001 1010101111001
111000100 1110110100101
100110000 1011001110000
000101001 0000001001001
010100011 1110101000011
001001010 0000010001010
000010011 0000000110011
101010110 1110010110110
110001010 0010100001010
110011100 0111100111100
111111000 0111111011000
010001001 0101100001001
111100010 1110111100010
100010111 0010000010011
011111011 0101111011011
011001101 1101110101101
011100011 1001111000011
000110011 1101001110011
000101001 0000001001001
001111111 0000011111110
111111111 0111111111111
001000100 1001010100100
000101011 0011001101011
100011101 0101000011101
111101010 1010111001000
111011110 0011110010110
101101011 1010011101011
111011101 1011110011101
111111010 0010111111011
010100000 0100101100000
011001011 0000110101011
000100100 0001001100100
101010110 0110010110110
101011110 1010110011110
000100010 1100000100010
011111011 0101111011011
111011111 1010110111111
011111001 0100111111001
010001001 0110100001001
000000011 1000000000011
101001111 1011010001111
010101010 0001101001010
010111001 0001101111001
110100110 0111101000111
000010101 1101000110101
000010001 0001000010001
010001100 0001100000100
000001000 0100000101000
010001001 0100100001001
011010101 0001110110101
001100001 0001011100001
010000111 1101100100111
111011111 1010110111111
111111110 1110111011110
