0101001011 01001011001011
0111001000 11011111001000
0001111111 00100010111111
1101010001 10111010010001
0010011111 00000101011111
1100001110 00111001001110
0111000111 11001111000111
0101111101 00001111111101
1001011110 00110010010110
0111010010 11001110010011
0101110110 00001010110110
0001001110 10010011001110
1100100101 10111001100100
0111110010 01001111110010
0111001001 10001110001001
1001101110 11110010101110
1000100011 10101001100011
0000011111 01010001011111
0100110110 11011000110110
1101000110 00001010000110
0110100010 11011100100000
0001001001 01000110001001
0111100011 01011111100011
1001111110 00110011111110
1000010000 10100001010010
0011010010 01010110010010
1100100110 01111101100110
1101000001 11111011000001
0000111000 00000001111000
1110100010 00111100100010
1010001111 10100100000111
0111101000 01011110101010
1111101001 11101111111001
0000010101 00000001010001
0010101111 11000101101111
0000101100 01010001111100
0101011001 10011011010001
1111001100 00111110001100
0101101001 01011011101001
0111101001 00000111101001
1000000011 00100000000011
0001111100 11100010111100
1100000011 10111010000011
1011001001 11111110001001
0000101111 10010001101111
0100101111 00101001101111
0100111000 10011000111000
1000011000 01100000011000
1111110110 10111110110110
1000110100 00110001110100
0000111101 01000001111101
0100110001 00001001110101
0001010001 11000010010001
0101110101 11001010110101
0000011110 00000000011110
0111011010 00001111011000
0100000110 00011000000111
0010010000 10010101010000
0111111111 11001110011111
0110101010 00011101101010
1001100111 01101010100111
0111000100 00000111000100
0110110011 11001101110011
0111101010 01001111101010
1111101100 10101111101100
0101110110 00001010110110
1000001100 00110000001100
0001101000 10010011101000
0010000100 01000101000100
0011011110 10000110111110
1011100101 10110111100101
1000110100 00110001111100
0001101100 10000011101100
1100011100 11101011011100
0101000110 11001110000110
0010011100 11000101010100
0100101011 00011000101011
0111101110 11001110101110
1100001011 01111001001011
0010110101 11010101110101
1000110010 10111001110010
0001110001 00000011110001
0100100100 00001000100100
0110000100 11011101000100
1000010011 01101001010011
1111011101 00111010011101
0011000000 10000110000001
1010010011 00110101010011
0000111100 00010000111100
1000110101 01100100110101
1001011000 10110010011000
0101100010 01010010100010
0001110100 00000011110110
1101100011 11101001100011
0000010000 01000001011000
1101111001 11111010111001
1111111010 01101110111010
1010000011 01100100000011
0100000010 01001001000010
0111110011 00011110110011
1100110111 01101001110101
1110111110 10101101111110
0111001100 11001010001100
0111010001 00000110010001
0100001110 11011001001100
0101010110 10001011010110
1011111110 11100111111110
0011100010 10010110101010
1011110100 10111111110100
1010100001 01100100101001
1000010010 00110000110010
0101011010 01011011011010
0001101111 01000011101111
0000010110 11000001010110
1000101101 11100000111101
0111110011 00001110110011
0101000110 11001010000110
1100111011 10111001111011
1101010100 11111010010100
0011011011 11000110011011
1111001011 11111111011011
0000110010 01010001110010
1101111001 11111010111001
1001101000 01010010101000
0101011010 01011001011010
0011000101 11000110000101
1010000011 01110100010011
1101111001 11111010111011
0000011111 01000001011111
1111101001 11101111101001
1011010010 10110110000010
1000111000 11110001111000
1010111001 11100110111001
1110110001 10111101110001
1001011010 00100001011010
1001101011 10110010101010
1100100100 11101100100100
0010101010 10000101101110
0011110111 10010111110111
0011111000 10100111111000
1001010101 10110011010101
1001101001 00100011101101
0100110111 10001011110111
1100010101 01110001010101
0110001000 00001001001000
0101100010 01011010100010
0111100110 00001111100110
0110000000 11001100000000
0010111110 11010101110110
0000100100 10010000100100
1001100011 01110011100011
1101000111 01111011000111
0110011110 11011100011110
1000000000 11101000000000
1101110101 00101010110101
0101001100 10011010001100
0011101010 01010111101010
1110011010 00111101011010
1011000100 01010111000100
1101111010 00111010111010
0110010100 10001100010100
0100100101 01011000100101
0000100110 00000001100110
1010000110 00110100010110
0111001010 01001110001010
1000100110 11100001100110
0001110000 00010010110000
1110111110 10101101110110
1000000100 11110001000100
0000101000 01000000101000
0011111011 01000111111011
1111100110 11111111100110
0001000110 01010010000100
0001110000 00010010110000
1011010010 11110110010010
1011110000 10100110110000
0110110010 10011101110010
0101111110 11001011111110
0100101101 10011000101101
0101011001 10011011011001
1001011011 01110010011001
0000101101 00000100101101
0010100110 01010001100110
1010111011 01110101111111
0010101010 10010101101010
0000110110 01000000110110
1100001110 00111001001110
0010111000 01010111111000
1110100111 01111100101111
1100101001 01101001101001
0101010001 01011010010001
1111110011 11111110100011
0110000001 10001101000001
0010100101 10011101100101
1111100001 00101110000001
0111100010 00001110101010
1111111001 10101110110001
0001011110 10010010011110
1010100110 10100101100110
0001000110 01010010000110
0100100001 01001001100001
0100101001 10001001101001
1000000100 11010001000100
0111100000 10011111100000
1001101101 00110010101101
0000100001 01010000100001
1111101011 01111110101011
1101110000 01100010110000
1111000101 10110110000101
0101100100 11011010100110
0010010100 00000000010100
0111111101 01011111111101
0000111001 01000000111001
0111110000 11011110110000
1100010100 00101000010100
1001111001 01100010111001
0111010110 11011111010110
1000010101 11100011010101
0111100100 00001110100100
0101011000 11001010010000
1011000000 01100110000001
0000001111 00010000000111
1000010110 00100000010110
1111111000 11111111111010
1001010110 11110111010110
0010011010 01100101011010
1010011111 11000101011111
0001111000 11010111111000
1000111101 00100001111101
1111111111 00101111111111
1100011110 01111010011110
0011011001 01010111011001
0100001111 10001000001111
0000000000 00000000000100
1010001110 11110101001110
1000001100 00110000011100
0011110000 01000110110000
1000101010 00110001101010
0111011100 10001111010100
1010110011 10110100100011
1100110110 00111000110110
0000000101 01000000100101
0011110000 01000110110000
1011000001 00111111000001
1100110101 11111000110101
1000101000 10000000101000
1001101101 00110010111101
0001011110 11010010011110
1000001101 01110001001101
1101101010 01111011101010
0000010011 10100001010011
1100110000 10111000110000
1111101101 11111110101101
1111000110 01111110000110
1011101001 01110111101001
0000110100 11010011110100
0110000000 11001100000000
0110011001 00011101011001
1000000011 00100000000011
1001000010 10100011000010
1000001000 00100001001100
0011001110 11000111001110
0001010100 10100010010100
0100011001 01001001011001
1001101111 10100011101101
0110110010 10011101110010
0000000110 10001000000110
0111010001 00001110010000
1010110101 10110100110101
1000001110 10000001001110
0010110010 00000101110010
0011000000 10000110100000
0111100001 11001110100001
1100100101 10111011100101
1101100000 00101011100000
1110110101 10101100110101
1001111011 11110011111011
1110100101 11101100100101
1110110111 00111101110111
0001100010 11000010100110
1001011110 00110010011110
1011011011 00100110011011
1001001011 00110011101011
1001010100 01100010010100
0001111101 10010011111101
1101110110 11101010110110
0110010110 00001101010110
1111100101 00111111100101
0000100110 00000001100110
1011111110 11110111111110
1110011111 01111101011111
0111110000 11011111110000
0110100111 10010100100111
1001111111 11100010101111
1101101100 11111011101100
0001011010 11000011011010
0110000010 00011101000010
0010010010 10000100010010
0011000110 00000110000110
1011001000 10100011001000
1000010100 10110000010000
0001100010 10000010100010
0110110010 10011101110011
0010110001 11010101110001
0110101011 11001100101011
1100100001 10101000100001
0100101011 00011000101001
1000110110 10110000110110
0001111101 10010011111101
0110011110 11001100010110
0101011101 11001010011101
0000000000 00000000000000
0111111011 11011111111011
1100100011 00111001100011
0100101101 10011000111101
0001011111 10000011011111
0100011100 00001101011100
1100011001 10101001011000
0101100011 00001011100111
1110011001 11011101011001
0101110100 10011111110100
1111011011 10111110010011
1111100101 00111111100101
1111000100 11101111000100
1000111010 01110000111010
1011001010 00111110001010
1010010001 11100100010001
1001111111 11100010111111
0111001111 00001110101111
0000001100 11010000001100
0111110110 01011110110100
0111001000 11011111000000
0111100000 10011111100000
1101011011 01101010011011
0011011011 11000110001011
1010101110 01110100101110
0101000011 10001010000001
1000101111 01110001101101
1110111101 01101101111101
1101100101 01101011101101
0010101110 10110100101110
0000000100 00010001000100
0100000100 11001001000100
0111000001 00001111000001
1000101000 11100000101000
1001010011 10110011010011
1100101001 11101001101001
1000011110 11100000011110
1000010010 00110000010010
1110100100 10111100100101
0101110011 01001110110011
1110110001 10111101110000
1111010111 01101111010111
0011000001 11010111001001
1110010110 11101101010110
0011011001 01110111011001
1010001001 00100100001001
0000100100 10010000100100
0110110010 00011101110010
0001001011 11010011001011
0100100000 00011001100000
1011101000 00100100101000
1101000100 11111011000100
0010100011 01010101100011
1111100101 01111111100101
0001001000 00010011001000
0010111111 10100100111111
1000011000 01100000011000
0011011000 00000110011000
1110101111 10111101101111
1010110000 01110100110000
0010001110 00010101001110
0011101010 01010111101010
1101110101 10101010110101
1101100000 00101010100000
0001111001 10000110111001
0010100110 01010101110110
0001010010 00000010010010
1000111101 10000001111101
0000101101 00000100101101
0001101101 11010010101001
1010101101 10110110101101
1100011011 00111000011011
1100111101 00111001111101
1111101000 10110110101000
0010111100 01000000111100
1011000001 00111111000001
0100101010 01011001101010
1001100111 01100011100111
0100100001 01001010100001
0101010101 01001011010101
1001101001 00100011101011
1010100110 10010101100110
0010111011 10010101111011
1011011101 10110110011101
0101111101 00001011110101
0000001010 01010000001010
1110010100 01111100010100
1101110000 01101010110000
1010101101 00110100101101
0011100001 01010110100001
1100010010 10101000010010
0110000011 00001100001011
0111000100 00001110000100
0001010100 10000010110100
0010111111 10000100111111
1010101101 10110100101101
0111001001 10001110011001
1101010110 01101011010110
0100010100 11001000110100
1001100110 00100011100110
1111010011 01111111010111
1000101011 01100000101011
1010011001 00100101011001
0010110110 00010000110110
0010111111 10000000111111
1011011000 11100110111000
1101000101 11101010000111
1010010111 00100100010111
0000111011 11000001111011
1010000001 11100111000001
0000001100 11011000001100
1101110111 10111011111111
1000100001 00100000100001
0110110100 10011101110100
0001111101 10010011111101
1000100111 10110000110111
0000100011 11000001100011
1110111001 01011100111001
1110101111 10111101101111
0110101111 01111101101111
1011101111 11110111101111
0011010111 00010110010111
1100011000 11111000011000
0101111110 11001011111110
1010101110 01111100101110
1101101010 01111011101010
0011101111 00010011101111
0110100000 01001101100000
1101101110 01101010101110
0100010011 00011001010011
1000110001 01110001110001
0111100111 01001110100111
0101010000 00001001010000
0100011011 11011000011011
1100000001 00101001000001
1111000000 11011110000000
1010100111 11100100100111
0111001010 01001110001010
0001100011 10010011100011
1001111111 11100010111111
0110111000 11001101111000
0110110101 01001100110100
1011001001 11110110001001
0000010110 11000001010110
0100101000 11011000101000
0101011101 10000010011101
1100111101 00111001111101
1101010000 11101011010000
0101000011 10001010000011
1011000111 10110111000111
0010000101 00010100000101
0001101011 01010010111011
0000110001 10010001110001
0100101011 00011000101010
1010111000 10110101111000
1001001001 10100010001001
0010011110 01010100011110
0110001011 11001101001011
1110010010 11111100010010
0111000100 01001111000100
0110100111 10011100100111
1000010010 00111000010010
1011101111 01110111101111
1011101001 01110111101001
0101100001 11011010100001
0001111001 11000010111001
1000000000 11100000010000
0010111011 10010101111011
1100100001 10101000100001
0011000010 00010111000010
1111000010 01101111000010
0101001101 11001011001101
0001111010 01000010111010
1111011001 00101111011001
1011111101 10100111111101
1100000101 00111000000101
0100011001 01001001011001
0000111001 01010000111001
0101100000 11001011100000
1110000000 00101100000010
0110001011 11001001001011
0010100010 01000100100010
1001111100 00100010111100
0100111101 11011001111101
0011011100 00010111011100
0110110011 11001100110011
1010110000 01110100110000
0001101011 01010010101011
1100011110 01111000011110
1010100100 00100100100100
0111011001 11001111011001
0110111101 10001100111101
0110000111 00011101000111
0111100000 10011111100000
1010100000 00110101100000
1100101101 01111000101101
1101010001 10111010011001
1010101110 01110100101111
0111111110 10011111111111
1001101111 11100011101111
1001011000 10110110011000
0110101000 10000100101000
1111101010 00101111101010
0101000001 00011011000001
1110101110 11101100101110
0000110010 01010001110010
1110100011 01101101100011
0010100111 00000000100111
0000010010 11010000010010
0110000000 01001100000000
1001010110 11110011010110
0101100010 01011010100010
0001001010 10000010001010
0111111000 00011111011000
0010100001 11000100100001
0101010110 10001011110110
0100010101 10011001010101
1010101111 00100001101111
0011101100 11010111101100
0000011111 01010001011111
1000111000 11100001111000
1111110000 00111111110000
1110010100 01111101010100
1000101000 10100000101100
1010110110 11110100110110
0111011011 01011110111011
0100001011 10011011001011
0010110000 10010100110000
0110001001 01010100001001
1010011000 00110100011000
1100101101 11111000101101
0001101110 00010010101110
0100100111 11001010100111
0111110110 01011110111110
0010111001 00000100111001
1100111110 11101001111110
1000101000 10100100101000
1010011000 00110100111000
0100000001 11001001000001
0111111011 11011111111011
0001001001 01000010001001
1000101010 00110000101010
1101010010 01011010010010
1000100111 10110010100111
0101001110 00001011001110
0100110111 10001001110111
1000001111 11110000001101
1010000001 11000101000001
1100001110 00111001001110
0100100101 01111001100101
1111010101 11111111010101
1001110011 00110010110001
0001011000 01010010011000
0011100000 00000111000000
1111111001 10101110111001
1010110111 10100101110111
0011010000 11000011010000
1101011010 10111011011110
1001000101 01110010000101
0111110100 11011111110100
0111101111 10001111101011
1110001011 10101101001011
0100100111 11001000100111
0000010000 01000000010000
0100000111 01001001100111
1101100100 00011010100100
1010100101 01110101100101
1011001100 10110110001100
0101111011 10001011111011
0000100111 00010000100111
1001010001 00100010010001
0111010011 10011111010011
1011111000 01100111111000
1111010101 11111111000101
1000100110 11100001100110
0000111000 10000001111000
0101000101 00001010000100
1011011111 00110111011110
0101001110 00001011001110
1001011001 11100011011001
0100100111 11011000100111
1000001010 10110000001010
0100000101 11011000000100
1010110011 10110100110011
1000110011 11100100110011
1111101101 11111110101101
0011011010 10110111011010
0000101010 10010001101010
1101111110 00101011111010
0100011010 10001001011000
0100001100 01001000001100
0101100010 01011010100110
1000111011 00110001111011
1010001100 01100110001100
0000110111 00010001110111
1001000100 00100011100100
1011111010 11110110111010
0010010011 11010101010011
1010010001 10100100010001
1011000010 11010111000010
0010011100 11000101011100
1010100011 11110101100011
1000100000 01100001100000
1100010010 10101000010010
0111111100 00001110111100
0000001111 00010000001111
1001100001 11100010100001
0111100100 10001110100100
0001011010 11000011011010
1000111111 00110000011111
1000010010 00110000010010
0111001111 00101110001111
1101010111 01111010010111
1110111000 00101101111100
0011100011 11000111100011
1110001011 00101111001011
0111000100 00001111000100
1101111111 01101010111111
1010010100 11100100011100
0100011001 01011001011001
1000110000 00100000110000
0110100001 01011100100001
1011010000 00100111010000
0110000011 00001100000011
0100101111 00001001101101
0010100110 01010101110110
1100000010 11101001000010
1110100100 11111100100100
1101100111 11111010100111
0110010100 10001100010100
0001110111 11000011110111
1110011001 11111001011001
1110000110 10101000000110
1000000010 11110001000010
0101111111 10011010111111
0110000010 01111101000010
0011011010 10010111011010
0111111100 00001010111100
0001100101 00010011100101
0110000110 01001100000110
1001010101 00100011010101
0010010110 10010101010110
1101100111 11111010101111
0010111010 11000101111010
1111101111 01100111101111
1011010001 01110110010011
1000101101 11100000101101
1011011100 11110111011100
0111100101 11011111100100
1111010000 10111111010000
0101000010 11011001000010
0110001110 10001101001110
0011110011 10000111110011
0011110100 01010110110100
0110111100 11011100111100
1101001111 10111010001111
0110100001 00111100100001
0110000001 10011101000001
1100110101 11111000110101
1000000010 00110001000010
1001001000 11110011001000
1000100110 11100001100110
0010101001 11000101101001
1101101100 11110011101100
1000111100 11110000110100
0100001010 11001000001010
1011011001 10110111011001
0100101001 10001001101001
0101101100 00011011101110
1011110111 01110111111111
1011010101 01000111010101
1111000000 11111111000000
1111000100 11001111000100
0000100101 11000001100101
0101011111 00011011011111
0001011100 01000111011100
1000101110 00100000111110
0011100011 11000111100011
1010110011 10110101110011
0010010100 00000100011100
1001010001 00100000010001
1101001001 00111010001001
1101010110 01101011010110
1100101101 01111001101101
0000010110 10000001010110
0100000010 00001001000010
0110001101 01001101101101
0101010110 10001011010110
0110110110 10101100110110
0001101111 01000001101111
1010101101 00110100101101
0101010111 11011010010111
0111101001 00001111101001
0011010101 10000111010101
1110011100 10011101011100
0000100101 11010001100101
0110100100 01011100100100
0110011010 11111101011010
0100001011 10011000001011
0101001001 11111010001001
1111110001 01101110110001
0001011110 11010010011110
1100110000 10111000110100
0011100000 10000111100000
1110010111 10111100000111
0000000111 11010001000111
0101011111 00011011011111
1100111000 01111001111000
1111011101 00111100011101
0011001110 01000111001110
1100111100 01101000101100
0001111011 00010011111011
1111010111 01101010010111
0001101011 01010010101011
0000100000 10000001100000
0010100000 11010101100000
0110011100 01011111011100
0100000100 10001001000100
1000011110 11100000011110
1001111011 11110011111011
1101100001 01111010101001
0011001000 01000111001000
1001000011 11110010000011
0111100001 11001110100001
1011011001 10110111011001
0110011111 10001101011111
1111010100 10101110010100
1111001010 10101010001010
1000010101 11100001010101
1001111001 01100010111001
1110010011 10101101010010
1011001100 10110110001100
1110110101 10101100110101
0101010111 11011010000111
1101111110 00111011111110
1011111111 10110110111111
0110010110 10001101010110
1010000010 00100101000010
0001011111 10000011001111
1010111011 01110101111011
0011100000 00000111101000
0111010000 01011111010000
0010001000 10010101001000
0110101010 00010101101010
1110100101 11101101100101
1101011100 00111011011100
1100010000 00111001010000
0101010001 01011010010001
0001000010 01000001000010
1101000000 10101010100000
1101100110 10101011101110
1001111001 01100010111001
1101101011 10101010101011
1101110001 00111011110001
1000010111 01110001010111
1101101101 10101010101001
0111100111 01101110100111
0001001110 10011011001110
1111100110 11111111100110
1010101101 10110100101101
1110110101 10101100110101
1101011001 01111010011001
0001111011 10010011111011
0000100110 00000000100110
1101001111 11111010001111
1110010100 01111100011100
0100110111 10001001110011
0000001001 10010000000001
1111010101 11111111010101
0001101000 10010010001000
0110001011 01001101001011
1010101100 11000101101100
0100101101 10011000101101
1101110110 11101010110110
1011000100 01110111000100
1010010011 00110101010011
0011000100 10010111100100
0101000000 01001000000000
1010010100 11100100010100
1001101100 01100010101100
1101111000 10101011111010
1011001010 00110110001011
0010100010 01000100100010
0101010001 01011010110001
0000111010 10010000111010
0001101001 11000011101101
0100001001 00001000001000
0100000100 10001001000100
1000000011 00100000000011
1010110010 01100101110010
0010011011 00010100011011
0110101001 11011101101101
0110010100 10011100010100
1011101000 00100110101000
0101101001 01011011101001
0100011001 01001001011001
1101010111 00111010010111
0100010010 01001000000010
1100111000 01111001111010
0100001100 01000000001100
0101100001 10011010100001
0111111001 01001111111001
0011000101 10000110000101
1011000111 10110111001111
0110010011 01001101010011
1001000101 01110010000101
1010110011 10100100110011
1101011100 00111011011100
0001100000 01010001100000
0110001101 01001101011101
1110110111 01111101110111
1111100111 10101110100111
1101000101 10101010000101
1111010101 01111111010101
1001111001 01100010111001
1000011001 00110001011001
1011101100 00110111101100
0001011000 01010010010000
0101001001 11011010001001
1001111011 11100011111011
0010010111 11000100010111
0000111000 00000001111000
1110010001 00111100010001
0010000110 11010100000111
1100101110 10111001101110
1100000001 00101001100001
0100010100 11001000010100
1010100010 10100100100010
0100111000 11011001111000
1001011111 01110011011111
0100011001 01001001011001
0000110100 11010001110100
1100000111 11101001000111
0001001101 01010111001101
1101000010 00111011000010
0100001001 00001000001001
0000111110 10000011111110
0000110101 10000000110101
1000011110 11000000011110
0110001011 11000101001011
1010111111 01100100111111
0000101010 11110001101010
0100111011 01011101111011
1000101111 01110001101111
0100100101 01011011100101
1011011111 00110111011111
1110111001 01111100111001
0000000010 00010001000010
1001110101 10110010100101
1000000111 00110001010111
0000110100 11010001110100
0110111110 01001101111110
1100110001 11101001110001
0000100110 00000001100110
0001100010 11000010110010
1010100001 01100000100001
1101001011 10101011000011
1000100011 00100001100011
0000111011 11100001111011
0101001001 11011010001001
0001001010 10000010001010
0011010100 11010110010110
0111111110 10111111111110
1000011100 01110001011100
1101101100 11111010101100
0101010100 10011010010100
1100001001 11101000001001
1011100011 00100111100001
0000101001 00010001101011
1110011110 00101100011110
0100110011 10011000110011
1111000110 01111110000110
1100111011 10111001111011
1110100111 01111100100111
0011011010 10010111011010
0100010100 11001000010101
1000000011 00100000000011
1111001011 11111111001011
0010011011 00010100011011
0001001111 11010010001111
1011100100 11111110100100
0000111001 01010000111001
1011101111 11110111101111
1001101111 10100011101111
0001111101 10010011111100
1011011100 11110111011100
1011010111 11110100010111
1100000010 11101001010010
0000000011 11000000000111
1001001010 01101010001010
0010001101 11010101001101
1001000001 01100011000001
0110000001 10011111000001
1111000100 11101011000100
0001110000 00010010100000
0000101110 11000000101110
1110100100 10111100100110
1001000011 11110010001011
0010111011 10010101111111
1001101110 11110010101110
1111011110 11111110011110
1100100100 11101000100100
1101101011 00101010101011
0000011000 10000000011000
1011111101 00100111111101
1010100000 00110101100000
1110011010 00111101011010
0111101000 01011110101000
0100111010 00001000111010
1100101100 00101000101100
1010001111 10100100001111
1011101011 11100110101111
1000011001 10110001011001
1010101111 00100101101111
0101011011 00101010011011
0010000111 10000101000111
1010100111 11100100100011
1100011111 00101011011111
0111110111 00001111110111
1111111101 10111111111101
0000111011 11000001111011
0100101001 10001001101001
1001010001 00100010011001
1010010010 01100100010010
1111000011 00111010000011
0101101000 00001010101000
0110110011 11001100010011
0011011010 10010110011010
1000110111 11111001110111
0111110111 00001111110111
0011011101 01000110011101
0101001101 11001010001101
0100010001 10001000010001
0010100111 00000100100111
0110011010 11011101011010
1100100000 11111001100000
1010111001 11101100111001
0000001100 10010000001100
0001101011 01010010101011
0010000100 01000101000100
0110010100 10011100010100
0111000000 00011110000000
1110101001 00111101101101
1100000110 11110000000110
1010000001 11100101000001
0110001110 10001101001110
1100111001 00101010111001
1001001000 11110011001000
1000001010 10110000001010
1111111100 11101110110100
1101100001 01111010100001
0010000100 01000101000100
1101011101 01101010010101
0101011101 10001010011001
0000110010 11010001110010
0001010011 01010011010111
1111010100 10101110010100
1011001110 00100111001110
1101110100 01111011110100
0001100111 10000010100111
0101100100 11011010100100
1100101101 00111000101101
1100010000 00111001010000
0011011001 01010111010001
0100010110 01011001011110
0000010011 10000101010011
0100000011 01011000000011
0110100111 10001100100111
0111111110 10011111111110
0100001010 11001000001010
1001010011 10110011000011
0110010100 10011100010100
0010111100 01000100111100
0110111100 11011100111100
0100001001 00001000101001
1000001000 00100001001000
0011011010 10010111001010
1110001011 00101101001011
0101101110 10001010101110
0111110101 10011110110101
1101000110 00101010000110
0100110110 11011000110110
1101111011 01101001111011
0000101101 00000000101101
1001110001 10100011110011
1011110000 10100110110000
0100111101 11011001111101
1011001011 01100110001011
0101100011 00001011100011
