0000111 00000001101
0100110 01011010110
0011010 11000111010
1011111 01100111101
1100111 01111001111
0010000 01010100000
1001001 11110011011
0011011 00000110001
0011111 10000111111
1010001 00110101001
1001011 10110010001
0111111 00010111111
0000011 10000000010
1001001 11110011000
1110000 00101100000
1000001 00110001001
0100101 11011000101
1111001 00111111001
0101000 01001010000
1010010 11110100010
1100101 10111000101
1010100 00111101100
0101000 11001010000
0101010 00001011010
0101010 00001011000
0011100 00000111100
1100110 10111000110
0010000 01010100000
1010100 00110101100
0011000 11000110000
1110010 01101101010
0000110 11100000110
0110010 10001001010
0100011 10011000011
0010110 10010100100
0011100 00000111101
0001111 11010011011
1101101 11101010101
1010000 10110100010
0101001 10001010001
1100101 00111000101
0000101 01000000101
0110011 00001100011
0100100 01011001100
1000000 11100000000
1011100 11100111000
1011010 10100111010
1010010 11111101010
0110110 00001110110
0001100 01010011101
0011111 10000011111
1000010 11100001010
0111000 00011110000
0111100 10011111100
0000010 01000001010
0111110 11011110110
1001110 11110010110
1010110 01110100110
1110011 10101100011
0000100 10000001100
1100001 10111101001
1100111 01111001111
1001100 10100011100
1110001 11101101001
1100100 11111001100
1100111 01111001011
1001100 10110010100
0010010 00010101011
1110010 01101101110
1100011 11111010011
0011111 10000111111
1001111 00110011111
0001101 10010010001
1000101 10000000101
1100011 11111000011
0100100 00011011100
1110100 10101101100
0101001 10000011001
1011110 10000110110
0101010 00001011010
0110110 00001110110
0011011 00000110011
0001110 00010010110
1110100 10101101100
0110011 01001100111
0101000 11001010000
1011000 01100110000
1011100 11100111100
1001100 10110011101
1011101 00100110101
0000110 11000000110
1011110 10110110110
1111100 01111111100
0110001 00001101001
1110010 01101101010
0110011 01001100011
1111101 10111110101
1011001 10100111000
0000100 10000001100
1000010 10100101010
0100001 01011101001
0110000 11001100000
1001100 10110010100
0110110 00001100110
0010010 00010101010
1100010 00111001010
1101001 01101011001
1101101 11101110101
0110110 00001110110
1100100 11111001100
0110111 01001101111
1111111 11111111101
1001100 10110011100
0001001 00010011001
1000100 01100001100
0000100 10000001101
1000010 10100001010
0001111 11010011111
0100110 01011000110
1011011 11100110011
0011001 00000111001
1110001 11101101001
0000000 00000000001
1001110 11110010010
0110001 00001101001
0011000 10000110010
1000000 11100010000
0110101 10101100101
1110010 01101101010
0000010 01100001010
0100101 11011000101
1011111 01100111111
1100100 11111001101
0101100 11001111100
0110000 11000100000
0101010 00001011010
1000010 10100001110
1011010 00100111010
0100010 11011011010
0001000 11010010000
0110010 11001101010
0100100 00011001100
0100110 01011000110
1010100 00110001100
0110010 10001101010
1001111 00110011111
0011111 10000111111
0110000 11011100000
1011100 11101111100
1011010 00100111010
0100010 11010001010
0000110 11000000110
1110100 10101100100
1010110 01110100110
1000010 10100001000
1011100 11100111100
1011001 10100111001
0101010 00101011010
0111101 01011110100
1111111 11111110111
0000111 00000001111
0011010 11100111010
0000010 01100001010
1111101 10111110101
0010011 11110100011
1101010 11101011000
1011001 10100111001
0001111 11010001111
0101000 01001010100
0011101 11000110101
0000001 11000001001
0010000 01010101000
0110110 00001100110
1100010 00111001011
1001100 10110011100
0001100 00010011100
0000011 10000000011
1010011 00110110011
0110001 00001101001
0111001 11011111001
0000111 00000001111
0111001 11111111001
0110111 01001101111
0101001 10001011001
0100110 01010000110
0000110 11000000110
0100100 00011001100
0011101 11000110101
0110101 10011100101
0111100 10011111100
1001100 10110011100
1011101 00100110101
1000111 11100001111
0100100 00011001110
0100011 10011000011
0001011 01011010011
0000100 10000001100
1101001 01101001001
0110010 10001101010
1000100 01110001100
1110101 01101100001
1110101 01101100101
0001011 01010010011
0101101 00001010101
0110001 00001101001
1011010 00100111110
1101010 11101011000
0111011 10011110011
1011110 10100110110
0101101 00011010101
1011000 01100110000
0011100 00000111100
0100001 01011011001
0100100 00011001110
1000100 01100001100
0111101 01011110101
1000001 00100001001
0100011 00001000011
1101100 00101011100
1001011 10100010011
1101010 11101010010
1101001 00101011001
1101101 11101010101
1001111 10110011111
0001001 00010011001
0001101 11010010101
1011010 00100111010
1110111 00101111111
1111110 00111110010
0001110 00010010110
1100101 00111000100
1010100 00110101100
1000111 11100001111
0010010 01010101010
0111101 01011110101
0010100 11010101100
0001001 00010011101
1001011 10110010011
0001100 00010011100
0100110 01011000010
1101000 10111010000
1011010 00100101010
0010100 11010101100
1010001 01110101001
0101110 10001010100
1110101 01101100101
1110100 10101101100
0111010 01011111010
1000011 01100100011
0000100 10000101100
1011010 00100111010
0111100 10011111100
1111110 00111110110
1100011 11111000011
0000111 00000001111
0100011 00011000001
1111010 10111111010
0001001 00010011001
0101100 11001011100
0010011 11110100011
1000110 00100000100
0101001 10001011001
0000111 00010001111
1000100 01100001100
1111100 01101111100
1110000 00101110000
1011010 00101111010
0101000 01001010100
0001011 01010110011
0101000 01001010100
0110100 01001101100
0010100 11010101100
1100001 10111001001
0011100 00000111110
1100101 00101000101
0101011 11001010011
0111100 10011111100
0100011 00011000011
1111000 11111110000
0010101 10010100101
1011001 00100111001
0001100 01110011100
1110101 01101100101
0011011 00001110011
0101101 00001110101
0111000 10011110000
0101010 00101011010
0100001 01011001101
0111000 00011110000
1100100 11111001100
0011111 10000111111
0010001 10010101001
1001010 01110011010
1101111 10001011111
0011100 10000111100
1000011 01100000011
1010110 01110100110
1000001 00100001101
0001000 11010010010
0100100 00011001100
0100011 00010000011
0011001 01000110001
0010011 11010100011
0110011 01001100011
0101110 10001010110
0000000 00100000000
1010001 01110101101
0111111 00011110111
1000011 01100000011
1001111 00110011111
0111101 01011110101
0011011 10000110011
1100110 00111000110
0011011 00000110011
0101101 00001010101
1001100 10110111100
0111010 11011111010
1000000 11100000000
0111000 00011110000
1001001 11111011001
1111110 00011110110
0010101 00010100101
0001010 10010011010
1111100 01101111100
0010110 10010100110
0101010 00001011110
0111001 11011111101
0100101 10011000101
0001001 00010011001
1110111 00111101111
1000001 00100000001
0101010 00001011011
0101101 00001010101
1111111 11111111111
1100101 00111000101
0001110 00010010110
1011000 00100110000
1010001 01110101001
1010010 11110101010
1001000 00110000000
1111001 00111111011
0001101 10010010101
0110010 10001101010
1101000 10101010001
0011010 11000111010
0000101 01010000101
0011011 00000110011
0001110 00000010110
1100110 10111000110
1000010 00100001010
0100111 10011001111
0010110 10010000110
0100010 11011001010
0100101 11011000001
1100001 10111001001
0100000 10111000000
0111000 00111110000
0110110 00001100110
0011110 01000110110
1101001 01101011101
1011101 00110110101
0100001 01011001001
1110011 10101100010
0010010 00010101010
1110001 11101101001
1110001 11101101001
1101010 11101001010
1111000 11111110000
1010101 11110100101
1101001 01101011001
1000011 00100000011
0010100 11010001100
1101010 11101011011
1011011 01100110011
1011100 11100111100
1011001 10100011001
0111011 10010110011
0110111 11011101111
1100111 00111001111
1110100 10100101100
0001001 10010011001
1010001 01110101001
0010110 10010100100
0001110 00010000110
0010001 10010100001
1011101 00100110101
1111100 11111111100
0000000 00000000001
1101000 10101010000
0011110 01000010110
0000001 11000001001
0010000 01010000000
1111010 10111111010
0110110 00001100110
1011010 00110111010
0100000 10011000000
1110000 00101100010
0011010 11000111010
1101110 01100010110
0100110 01011000100
1001100 10110011100
0101101 00001010101
0100010 01011001010
1110101 01100100101
1101001 01101011001
1011001 10110111001
1110010 00101101010
1010000 10110100000
0011110 01000110110
1011010 00100111010
0011110 01000100110
0101101 00001010101
0110001 00001101001
0011010 10000111010
1001011 10100010011
1111000 11111110000
0101100 11101011100
1001000 00110010100
0010101 00010100101
1111111 11111111111
1110101 01101100101
1110000 00101100000
1010100 00110101100
0100100 00011001100
0000010 01000001010
1110010 01101101010
0001111 11010011111
0110011 01001100011
1101010 11101011010
0101000 01001010001
0011101 10000110101
1000101 00100000101
1100001 10111001001
0110100 01001101100
1110010 01101101010
0000011 10000001011
1011000 01000110000
1101110 01101010110
1000011 01101000011
0001011 01010000011
1110111 00111101111
1110101 01100100101
0110100 01001101101
0110010 10001111010
1111001 00111111001
1010011 00110101011
1111100 01111111100
1000111 11100001111
0010010 00010111010
0100111 10011101111
1000001 00100001001
0101100 11001011100
1111111 11111111101
1000001 00100001000
0010110 10010100110
1001010 00110011010
1010001 01110101001
1000001 00100011001
1101100 00101011100
0111000 01011110000
1001100 10110011100
0110000 11001100000
0101010 00001011010
1011001 10100111001
0011101 11000110101
0101011 11001010011
0101110 10001010010
0000010 01000000010
1100100 11111001100
1000001 00100001101
0111000 00010110000
1010011 00110100011
1101001 01101011001
0001101 10110010101
1000001 00100001001
1101001 01101011011
0000111 00100001111
0001010 10010011010
1010111 10110101111
1010101 11110100101
0111101 01011110101
0001101 10011010101
0010010 00010101010
0000100 11000001100
1111111 11110111111
1101000 10101010100
0100001 01011001001
0010101 00010000101
1101101 11101010101
0000110 11000000110
1001110 11110010110
0000011 10000000011
1110100 10001101100
0010001 10010101001
1101111 10101011011
0010111 01110101111
1111010 10011111010
1101111 10101011111
1100101 00111000101
1110000 01101100000
1110110 11101110110
1101100 00101011100
0011000 10000110000
0111101 01011110101
1110001 11101101001
0010111 01010101011
1111011 01101110011
1011011 11100110011
0100010 11011001010
1110010 01101101010
0011111 10100111111
1100111 01111011111
0111001 11011111011
0110100 01001101100
1001111 10110011111
0101101 00001010101
0110011 01001100011
0011101 11010110101
1001000 00110110000
0001000 10010010000
0000111 00000001111
0001110 01010010110
0111100 10011111100
1110000 00101100010
0111000 00011110001
1011000 01100110000
0010101 00010100100
0000101 01000000100
0110001 00001100001
1111110 00111110110
1100100 11111001110
0011101 11000010101
1000111 11100001111
1111001 10111111001
1100111 01111001111
1001010 01110011010
0111100 10011111100
0001110 00010010010
1000000 11100000000
1001000 00110010000
0100110 01011000111
1101001 01101011001
0011000 10000110000
1001011 00110010011
1110001 11101101001
0110100 01001101100
1000110 00100000100
0001000 11010010001
1000100 01000001100
1111111 11111111111
1110101 01100100101
0011000 10000110000
1111101 00111110101
1000100 01100001100
1010110 01110100110
1010111 10110101111
1000000 11100000000
1101100 10101011100
1011011 11100110010
0010110 00010100110
0110100 01101101100
1100011 11111000011
1101010 10101011010
1111101 10111100101
1100111 01111001111
1100100 10111001100
1110101 01101100101
0111011 10011110001
0111111 00011111111
1000011 01100010011
0110110 00001100110
1000100 01100001100
1110011 00101100011
0101000 01001010010
1100000 01111000000
0010100 11010111100
1010101 11110100101
1000100 01100001100
0100010 11011001010
1011000 01100110000
0111000 00011010000
1011010 00100111110
0001011 00010010011
0001010 10010011110
0110010 10001101000
1111000 11111110001
1110100 10001101100
0000111 00000001111
1111101 10111110101
0010001 10010101001
1011011 11100111011
1011111 01100111111
0011000 10000111000
0001100 01010011100
0100111 10011001111
0111010 11011111010
1111111 11101111111
1011101 00100110101
1011101 00101110101
1110110 11101100110
0101011 11001010011
1001100 10110011000
1011000 01100110000
0010000 01011100000
1100100 11110001100
1111111 11111111111
0000101 01100000101
0000011 10010000011
0110010 10001001010
1110010 01101101010
0110010 10001101010
0100110 01011000110
1101111 10101011110
0101001 00001011001
0101110 10011010110
1110100 10101101100
0101000 01001000000
0000000 00001000000
0001000 11010010000
1011100 11100111000
1000001 00100011001
0100111 10011001111
1000001 00100001101
1011111 01100111111
0011110 01000110110
0101110 10001010110
0110001 01001101001
1000101 10100000101
1011011 11100110111
0101101 00000010101
1010100 00110100100
0011101 11000110101
1000111 11100001111
0111001 11011111001
0010011 11010100011
0101011 11001010011
1110111 00101001111
1111100 01111111100
0101111 01001011111
0100010 11001001010
1011100 11100011100
1000000 11100001000
1101010 01101011010
0111110 11011110110
0010011 11010100111
0100111 00011001111
1001111 00110111111
0101000 01001010000
0100010 10011001010
0101101 10001010101
1110000 00101100000
1111110 01111110110
0010101 00010100101
0011110 01000110110
0100111 00011001111
1000000 11100000000
0110100 00001101100
0001001 00010011001
0111000 00011110000
0101101 00001010001
0010111 01010101111
1010001 01110100001
0000101 01000000001
0100001 01011001000
0111001 10011111001
1100110 10111000110
0110110 00001000110
0011111 11000111111
0101001 10001010001
1011100 11100111100
1000011 01100000011
1111100 01111111000
1011110 10100111110
1011101 00000110101
1000010 10100000010
1000011 01100000001
0001110 00010010110
1101101 11101010111
0010100 11010001100
1000001 00100001001
0000011 10010000011
0010110 11010100110
1011111 00100111111
1100000 01111000000
0111111 00011111111
1010011 01110100011
1001101 01110000101
1001011 10110010011
0111111 00010111111
0000111 00000001011
1001000 00110010010
0000011 10000000001
0111100 10011111101
0000101 01100000101
0010010 00010101110
1000001 00100001001
0101110 10001010110
1001111 10110011111
0010010 00000101010
1101111 10101011111
1100110 10011000110
0100111 10011011111
0111011 10011110011
0010111 11010101111
1011011 01100110011
1110111 00101001111
1000100 01100011100
0100000 10011000000
0001101 10010010101
0101101 00001010101
0011010 11000110010
1110001 11101101001
0110010 10001101010
0000100 10000001100
1010001 01110111001
0111010 01011111010
1011010 00100111010
1101110 01101010111
0011111 10000111111
0111001 11011111001
1000011 01000000011
0111011 10011110011
0110110 00001000110
0101001 00001011001
0111101 01011110001
1100111 01111001111
1100111 01111101111
0010111 01011101111
0000100 10100001100
1010101 11110100100
1010011 00110100011
0010001 10010101000
0101000 01000010000
0011000 00000110000
0000111 00000001111
0001011 01010010011
1001011 10110010011
1111000 11111110000
0110001 01001101001
1110111 00101101111
1111001 00111111001
1001010 01010011010
0010111 01010101111
1111011 01111110001
1100010 10111001010
0001100 01010011100
0100000 10011000000
0011101 11000110101
0010011 11010100011
1110000 00101100000
1010011 00110100001
1101011 00101010011
1001000 00110000000
1010010 11010101010
1100101 00111000101
0110011 01001100011
0100101 11011000101
0100101 11011000111
0100100 00011001100
1000110 00100010110
0000101 01100000101
0101001 10101011001
1101010 11101111010
1101011 00101010001
0100000 10011000000
1111110 00111110110
0011101 11000110101
1000011 01100000011
1100111 00111001111
0110010 10001101010
1000011 01100000011
1100000 01111010000
1000110 00100000110
0011110 01000110110
0111101 01001110101
1101000 10101010100
0111001 11011111001
1100011 11111000011
1000011 01000000011
1001010 01110011010
0000111 00000001111
0110010 00001101010
0000100 10001001100
1000111 11100001110
1100010 00111001011
1001001 11110011001
1100110 10111000110
1111000 11011110000
0110100 01001101100
0111100 10011101100
0001001 00010011001
0110000 11001100000
0010100 11011101100
1011011 11101110011
1000101 10100000101
1100111 01111001111
0110001 00101101001
1010100 00110101100
1001000 00110010000
1000110 10100000110
0010010 00000101010
1111000 11110110000
0010110 10010100110
1000101 10100000101
0111110 11011110110
0000101 01000000101
0110111 11001101111
1110001 11100101001
0100001 01011001001
0001101 11010010101
1111011 01111110111
0010000 01010100010
1010101 11111100101
1100101 01111000101
0111000 00011110010
1010101 11110100101
1001000 00110010000
0001001 00010011000
1100011 11111000001
1110001 11101101011
0011101 11000010101
0101100 11001011100
0100100 10011001100
1001000 00110010001
0010111 01010001111
0111100 10011111100
1010011 00110100011
1100011 11111000011
0111011 10011110001
1100100 11111001100
0000010 01000001010
0101110 10101010110
0001000 11010010000
0011011 00000110011
0100101 11011000101
1010000 10110100000
1000100 01100001110
0001110 10010010110
1011011 11000110011
0001001 00010011001
0110010 10001101010
1100001 10111001001
1111111 11111011111
1111110 00111111110
0011000 10000110000
0111111 10011111111
1111100 01111111110
1110010 01101101010
0001111 11010011111
1010110 01111100110
1010100 00110111100
0101101 00000010101
0101100 11001011100
0110000 11001100000
1011111 01100111111
1111010 10111111010
0100100 00011001100
0110011 01001101011
0001100 01010011100
1111100 01111111100
0100011 10011000011
1100101 00111000101
0000011 10000001011
0010100 11010101100
1010000 10110100000
1011010 00100111010
1011101 00100110101
0111110 11011110110
1110010 01100101010
1100010 10111001010
1001010 01110011010
1011000 01100110010
1001011 10110010001
0011111 00000111111
0111000 00011010000
1011001 10100111001
1001100 10110010100
1010101 11110100001
0110001 00001101001
1101010 11101011010
1111011 01111110011
0000110 11000000110
1000101 10100000101
0000000 00000010000
1110100 10101101100
1000110 00110000110
0110100 01001101100
0110011 01001100011
0101101 00001010101
0001001 00010011001
0000111 00000001111
0100100 00011001100
1100111 01111001111
1101110 01101010110
1101000 10101010100
1100001 10111000001
1010111 10100101111
0111011 10011010011
1000110 00100000110
0001110 00010010110
0011101 11000110101
0010100 11010101100
0111101 00011110101
1111101 10111110101
0110110 00001100110
0010001 10010111001
0000010 01000101010
1000101 10000000101
1001010 01110001010
0101111 01011011111
0011110 01000110110
0011010 11001111010
0100101 11011000101
1011100 11100111100
1110001 11001101001
1111101 10111110101
1010011 00110101011
1100010 00111001010
1100011 11111000111
1001001 11110011001
0001010 10010111010
1010100 00110100100
0101000 01101010000
1001111 00110011111
1000110 00100000110
0101011 11001010011
1111101 10111110100
1101111 10001011111
1111111 11111111111
0011111 10000101111
1110110 11101100110
0011101 11100110101
1001001 11110010001
1110111 00101101111
1110010 01101101010
0100010 11011011010
0001101 10010010101
1100010 00110001010
0110110 00001100110
1111000 10111110000
0000001 11000011001
1000001 01100001001
1110101 01101100101
0100010 11011001010
1100000 01111000010
0001010 10010011010
0001000 11010010000
1000001 00100001001
1000101 10100000101
1000111 11100001111
0110101 10001100100
0100101 11011000101
1111010 10111111010
1111011 01111110011
1010110 01110100110
1011101 00100110001
0000010 01010001010
1001111 00110011111
0101010 00001011010
0000000 00000000000
1110101 01101100101
1010010 11110111010
1001101 01110010101
1110101 01101000101
0110010 10001101010
1100101 10111000101
1110101 01100100101
0111110 11011110110
1101010 11101011010
0101010 00001001010
0110101 10001100101
0111110 11010110110
1001100 10110011100
0010101 00010100101
1000010 10100001010
0110110 00001100110
1000101 10100000101
0010101 00110100101
1110100 10101001100
1110100 10101101101
1000000 10100000000
1111100 01111111100
1001100 10110011100
1111111 11111111101
1100000 01111000000
0101001 10101011001
0111001 11011111001
0011001 01000111001
0101011 10001010011
0000110 11000000110
1001001 11111011001
1111100 01111111100
1010110 01110100010
1001000 00110010000
1010011 00110100011
1111101 10111110101
0010101 00010100101
1000101 10100000111
0000001 11000001001
0100010 11010001010
