10110100 001001110100
01100100 100011010100
10001000 011000011000
10000001 111000010001
10110000 011001100000
10110011 101100100011
00110011 010101100011
10011100 111100101100
10001010 101000001010
11001110 011110011010
11010010 011010110010
10100010 011101010000
00100011 100001000011
10010100 011100110100
01111101 110011111101
01111110 000011111110
11110011 001011100011
10010110 101100100110
10000001 111101010001
00010001 110010110001
10011110 001100111110
11000001 010010010001
10100001 101001010001
00000110 100000000110
01110110 100111101110
10101001 001001001101
01010101 000110100101
00000101 000100000101
11111111 111011101111
11101110 001011011010
10111111 011101101111
00110110 000001100110
11101011 011111001011
11000111 111010000111
01010101 000110100001
01100101 101111000101
01011000 110010111000
11001111 011010000111
11111001 011011101001
00100011 100001000011
10011110 001100111010
11101110 000011011110
10000000 110000000000
11001010 001110001011
10000111 011101010111
11011000 001010111000
01011001 110110001001
00010010 000100110000
11001100 101110001100
11010000 101010100000
00011101 000000111101
10010110 101101100110
11111001 011011001001
01110001 000001110001
10110011 101001100011
01100001 110111010011
00100111 110101010111
01001010 110110001010
10000001 111100010001
11101101 111011011101
01011110 010010110110
00100101 010001000101
11101010 011011001010
01000001 000010010001
10000011 001100000011
10111111 011101101111
00010001 110000110001
01111100 110011101100
01100111 010111010111
00111110 100001101110
00101010 000101001010
11001100 101110001100
01111011 010011111011
11111010 101111101000
11101011 011111011010
00111111 100111101111
01100010 000011010010
01010001 010110110001
11001101 101010111101
11000000 011110000000
01010111 110110110111
01100001 110111010001
10010000 101100100000
00001111 000100001111
01100101 100111000101
10110101 001101100101
11001100 101110001100
11010000 101110100000
00110100 110001110100
11100011 111111000011
10011010 011100101000
00100010 100101010010
11010011 011110100011
00111100 010001101100
10100111 001001010111
10011110 001100111110
11110101 101011100101
10100111 001001110111
00011000 010100111000
01010110 110010100110
11111111 111011101111
11101000 101011011001
11001010 001110001010
10001101 011100011101
10001011 101100011011
10110110 111001100010
00011001 010001101001
10011001 101000101001
10110110 111001100110
11001110 001110011110
11110111 011011110111
11000001 011010000001
00011100 010100101100
00100110 110001000110
10111011 001101111011
11100010 111011011010
11011110 101010111010
00111101 010101101101
00011111 110000111111
01101011 100111011111
10010111 101000110111
11101101 111111011101
00101001 111001001001
11001100 101111001100
11001010 001110001010
11100000 001001000000
10000110 011000000110
00000100 000000010100
11010101 111110100101
11110011 000011100011
01000000 100110010000
11100110 001011000110
00000011 110100000011
11110101 101011100101
11100001 001111011001
11100101 011111000101
00110000 100001110000
11011110 101010111110
01001011 111010011011
01110111 100011111111
00011110 110101111110
01011010 000010100010
01111000 100111111010
01010011 100110100011
11110001 111011110001
11000110 111110000010
00100100 000101010000
11010001 111110110001
10010011 111000100011
01001010 110110001010
01001110 100110011010
01011010 000010101010
11111101 001011111001
11111000 111111111000
00010100 000100110100
00011110 110000111110
10010010 111100110010
01011001 110111101001
11011000 001010111000
10011111 001000101111
10100110 001101000111
01010010 100010110010
00111111 100101101111
01011110 010010111110
10011011 001000111011
11110011 001111100011
10110110 111001101110
11110001 111011110001
01001011 110010011011
11101001 101111001001
10110110 011001100110
11010111 001110110111
00001001 110100001001
11011101 011110111101
00110010 010001110010
11101011 011111011011
10111011 001101011011
11001101 101010011101
01101110 110011010110
10110111 111101100111
01101000 010011011010
10101011 111001011011
11011101 011110110101
01001100 010110001100
01110001 000011110001
11101110 001111011110
00010000 110100100000
11000101 011010000101
01110001 000011111001
10011011 011000111011
01101111 110111001111
10000010 001000010010
00101010 000101001010
01110111 100011110101
10001111 111100001111
11100100 011011011100
11101110 101011011110
11110101 101011100101
10111000 111001111000
00101110 010101011110
11101111 001111001111
01001001 000010001001
00010001 110000110001
10111111 011101101111
01001100 010110001100
10011011 011000111011
10110011 100101100011
01001101 010010011101
10010010 111100110010
11110110 011111101110
11001011 001010011011
10101011 110001011011
00001100 110000001000
01100011 000111100011
10111110 011001111110
00001110 000001011110
00100111 110001010111
10011110 001100111010
00001000 100000111000
11010001 101110110001
01001000 000110011000
00110000 100001100001
00011110 110101111110
10001100 001000001100
01110101 010011000101
11010111 001110110111
11001001 111010011001
01001011 110110011011
01110000 000111100000
10101001 001001101001
01000111 000010010111
00100100 000001010100
10011000 101100110000
10011000 101110111000
01110111 000011110111
01101110 110011010110
00111011 110001111011
10110100 001001110101
10011001 101000101001
00000101 010100000001
01010101 000110100111
10001110 111000011110
11010011 011110100011
00011100 000100101000
10110111 110101110111
11011111 101110101101
11000100 101110010100
11100100 011011010100
10100000 101101000000
00101010 000101001010
10011110 011100111110
11010110 101010100110
10100001 101000010001
10111100 101001001100
00111111 110101101111
01010101 000110100001
10111111 011101100111
11110001 111011110101
00010011 010000100011
11000010 101110010010
01110101 010011100001
11101011 011111011011
11101110 001011011110
01011001 110110101001
10000100 101010010100
11100101 011111000101
10101001 001000001001
01010101 000010100101
10001011 101100011011
01001110 000110011110
00010000 110100100001
00100100 000001010100
11110111 001011110111
11110110 010111100110
10011010 011100101110
10110011 111101100011
00110100 010001110100
11101000 101011011000
10101110 101101011111
10100100 111101010110
01100011 000111000011
01010001 000110110001
00011111 110000100111
10100010 011101011010
10010000 001100100000
01001000 000110011000
11010000 101000100000
01111011 010011101011
10111011 001101111011
01010111 100110110111
10001110 111000011110
00011110 110100111110
10000001 111101010001
11101011 011111011011
01011010 000010101010
00111010 010001101010
01000000 100110000000
10111000 111001111000
00010000 110100100000
00100101 000011000101
10101111 101001011111
00101101 101001011101
10001110 111000011110
00011100 000100101100
11001011 001010011010
11101100 111011001100
00111000 000001111000
11101111 001111001111
10010110 101100100111
11110100 101111110100
01101100 000011001100
11111001 011011101001
11101110 001011011110
10101001 101001001001
01001111 100010001111
01011010 000000101010
11110111 011011110111
10110011 101101100011
01010110 111010100110
01011001 110110101001
01101000 010011011000
00001110 000000011110
01101011 100101011011
00110011 010111100011
10101100 011101001100
11000101 001011000101
01000110 000110000110
11101011 011111011011
11001000 111110011000
11001001 111010001001
11101000 101011011000
01010101 000110100111
11000000 011111000000
11010110 001011100110
00000000 000000000000
00001111 000100001111
00111010 110001101010
11010110 001010100110
01001010 110110001010
11101011 011111011011
00100101 000001000101
10101101 011001011100
11111010 101111111010
00010000 110100100000
10000001 111100010000
00111111 100101101111
11001100 101100001100
11101111 001111001011
11111110 111111111110
00100111 110001010111
00010010 000100111010
11000000 011110001000
00111010 110001101010
11100110 101111000110
11110100 101111100100
01111011 010011111011
01000001 101010010001
11001111 011000001111
11101101 111110011101
10000000 111000000000
01001000 000100011000
00111100 010001101000
00010111 010000110111
11011111 101110111111
00100110 010101000110
11110011 001011100001
01010000 010110100000
01010010 100010110010
11000110 111110000100
00011000 010100110000
10101011 111001011011
01100101 100111001101
01111011 010011111011
11101110 001011011110
00011111 110000101111
00011000 010100111000
11011000 001110111000
11011011 111010111011
10011100 111100101100
01000100 110110110100
11001000 111100011000
11110011 001011100011
00011011 100001111011
10001011 101101011011
00010101 100000100101
10001101 001100011101
10011101 110000111101
01010000 010010100010
00101011 000001011011
00010111 010001110111
01001011 100010011011
11101101 111111011101
00100011 100001000011
01100111 010111000111
10111100 101001101100
10011010 011000101010
11110001 111011010001
00110001 100101010001
10100010 011101010110
10000001 111100010001
10011100 111100101100
10111010 001001101010
10010111 101000110111
01001101 010010010101
00000111 100100010111
10110010 101001110010
11011010 101010101010
01011001 110110101101
01100101 100111000101
00111100 010001101100
10001100 001100001100
00010101 100001100101
10001001 001100001001
00011001 010000111001
00010011 000000100011
00110111 000101010111
10100111 001001010111
00111110 101001111110
10001111 111100001111
11001101 101010011101
10000100 101000011100
10100011 011001000011
00001011 010100011011
10100111 101001010111
11100111 101101010111
11101000 101011011000
01110110 100111100110
00011000 000100111000
10001110 011000011110
10110110 111001100110
10111110 011001111110
10011010 011100101010
00101011 000001011011
01001101 010010010101
10010011 111000100011
01110001 000011110001
11111110 111111111111
00101110 010101011110
10100101 111001000100
11000010 101100010010
01011100 100010101110
01100011 000111000011
11101110 001011011100
10000010 001000010010
11101110 001011011110
11000010 001110010010
11110110 011111100110
01011010 000010100010
01000011 000010000011
11101101 111111011101
00001001 100100001001
11110111 011011110111
01010011 100110100111
00100001 010001000001
00010001 110000110001
10111100 101001101101
11110000 111111100000
01011101 100110111111
00111111 100101101111
10110111 111101110110
10101110 101101011110
00001110 000000010110
00110010 000001110010
00111100 010001101100
11001000 111110011000
11110101 101010100101
00101011 000001011010
00111010 110011101010
00001000 110000011000
01011010 000010101010
01001111 100010001111
10100011 011001000011
11010010 011010110010
00000101 000100000101
11011110 101010111110
10011011 011000111011
10111110 011001111110
10100010 011101010010
11101101 111111011101
11101111 001111011111
00010001 110000110001
11110100 001111110100
01010110 110010110110
01000000 100110000000
00110011 010101100111
10111111 001101101111
01111111 000011101111
00001100 110100001100
10001010 101000001010
10001101 001100011101
01111100 110111101100
11001111 011010011111
10111110 011001111110
10010101 011000100101
00001000 100001011000
11001010 001110001010
01110111 100011110111
10011100 111100101101
11011100 011000101100
01100011 000111100011
00001101 110101011101
11000110 111110000110
00010100 100100110100
11101010 010011001010
01001111 100010001111
10001101 011100011101
01111001 100011101001
11001010 001110011010
10101011 111001011011
10000010 001000010010
10111110 010001111110
01101000 010011001000
00010111 010010110111
01010110 110010100110
00001010 010000001010
00111000 010001111000
10110000 011001000000
00100111 110001010110
01101010 101011001010
10111011 001001111011
00011111 110000111111
11101010 011011001010
00010000 110100100000
00110011 010101100011
01101111 110111001111
00001010 010000001110
10110010 001001110010
00010110 010100100110
01101011 100101011011
11111100 001111101100
11011101 011111111101
00001100 110000001100
00110001 100101110000
00110001 100100110001
00101101 100001011101
01000110 000110000110
11000101 011010000101
10110100 101001110100
11011010 111010111010
01000101 110011000101
11101010 010011001010
00100001 011001010001
11010010 011000110010
10001001 011100001001
01110101 010011100001
00110110 001001100110
11111111 011011101111
10010111 101000010111
11011111 101110101111
00110100 110001010100
00010000 010100100000
11100011 111111000111
00000000 000000000000
10001100 001000001100
10111110 011000111110
10000010 001000011010
11011010 111010111010
01110001 000011110001
10010000 001100100000
10101011 111001011011
01100001 110111010001
01101110 110011010110
10111001 111101101001
10011100 111100101100
11101111 001111001111
11001010 001110011010
10010110 101100100110
10001111 111100001011
11101111 001111001111
00101011 000001011011
11110010 001111110110
01101100 010011001100
10001111 011100001111
00100000 010101000000
10010111 101000110111
00001010 010000101010
01001010 110110001010
01101100 000011001100
10000100 101000010100
10111100 101000101100
11111111 111011101111
01011110 010010101110
11101010 111011001010
00111110 101001111110
11101110 001011011110
00001111 000100001111
11001010 001100001010
10100011 001001000011
11101111 001111001111
01000011 010011000011
11110001 110011110001
01110110 100111100110
10100110 001101000110
00111110 100001111110
10101000 001101011000
01001010 110110001010
00000110 100000000110
01000000 100010000000
11111100 001111100100
10011100 111100101100
00100101 000001000001
11000010 101110110010
10100001 101001010001
01000110 000100000110
00101000 110101011000
01101110 110011011110
00110111 000101111111
11110001 111011110001
00011100 000110101100
10010110 100100100110
11010101 111010100101
01101010 100011001010
01000010 010111010010
00010100 100100110100
00100110 010101000110
00011101 000010111101
00110100 010001110100
10000001 111100011001
00000010 110000010000
10101110 100101011110
01111111 000011101101
10010100 011100110100
00000010 110001010010
11011011 111110111011
00000011 110100000011
10001110 111000011110
01110101 010011100001
01001110 100110010110
01111111 000011101111
11011000 001010111000
10111000 111001111000
00001100 110000011100
00001100 110000001100
10101001 001001001000
10011111 001000101111
11110010 101111110010
11011111 101110101111
01101001 011111001001
00101110 010111011110
00101000 110101011010
11001100 101110001100
10110111 111101110011
11010000 101010100000
00100100 000101010100
11100110 101011000010
01001010 110110011010
10101110 101101011010
11101111 001111011111
11000000 011110000000
11100110 101011000010
00010001 010000110001
01111010 010111101010
01111100 110111101100
10101010 111101000010
11000100 001110010100
11001100 101110001100
00101110 010111011110
01000101 110010000101
11111000 011111101000
10111111 011100101111
01010001 010110110001
11011101 011110111101
01011010 010010101010
11001111 011010001111
01000100 110110010100
10111100 101001101100
11011110 101010111110
00001110 000000011110
11010100 111010110100
10111111 011101101111
01111101 110011111101
11001101 101010011101
11110011 001011100011
10111100 101001100100
11010100 111010110100
00101101 100001011101
10111010 001001101000
10110101 001101100101
00101110 010101011100
01000100 110110010100
11010101 111111100101
01011110 011010111110
11110000 111111100100
10011011 011000111011
01000110 100110000110
01001011 110010011011
00011000 011100111000
00110111 000001110111
11100010 111011010110
10000111 011100010101
00011100 000101101100
01100010 000010010010
10101010 111101000010
11001111 011010001111
01110100 010111100100
11011101 111110111101
10000010 001000010010
00000100 010000010000
00110111 000101110111
00011101 000000111101
11101001 101111001001
11101101 111111011101
11111100 001111101100
00000011 110100000011
10110110 111001000110
00001001 100100001001
10111011 001101111011
10100001 101101010001
10110100 001001110100
01110000 010111100000
10110101 001101100111
11011110 101010111110
01010000 010010100000
11111011 101011111011
01000010 000110010010
01010011 100110100010
10001111 111100001101
01100111 010111000111
10100111 001001010110
01101110 110011011110
11101101 111111011101
00000010 110000010110
01011011 000110111001
10010011 111000100011
11111100 001110101100
01100000 110011000100
10100001 101001010001
11011110 101010111110
11010111 001110110111
10001010 101000001010
11000101 001110000101
10010100 011100010100
01011100 100010101100
01111111 010011101111
00111110 100001111110
11100100 011011010100
01101011 110111011011
10101011 111000011011
10100010 011101010010
01011011 000010111011
10000101 101100000101
00110110 000001100110
11110010 001011110010
00010111 010000110110
00001001 100100001000
11010101 011110100101
10110111 111001110111
10110100 001001110100
11111000 011111111000
11010111 001110110111
00000110 100001000110
01001101 010011011101
11111100 011111101100
01110110 100111110110
00001000 100000010000
01100101 101111000101
11111000 010111111000
01101100 000011001100
00001111 010100001111
11111111 111010101111
00110010 010001100010
00110110 000001100110
01110000 000111100001
10111101 100101111101
10100111 001001000111
10100001 101001010001
10101101 011001011101
01001101 010010010101
00110111 000001110111
10011011 011000110011
00110101 100101100101
01011001 110110101001
01110111 100011110111
10101011 111001011011
00011101 000000011101
00110000 000001100000
01101000 011011011000
11111100 001111101110
10011001 101000111001
11001001 111010001000
10000101 101100000101
11111001 011010101001
01111011 010011111001
01001000 000110111000
01100010 010011010010
01111011 010011111011
00011001 010000101001
10011001 101000101001
10111110 011001111110
01101000 010011011010
01110001 000011110001
00000011 110000000011
00000010 110001010010
11101010 011011001010
10101111 101001011111
10000011 001100000011
01101110 111011011110
10010111 101000110101
00111000 000001111000
10001100 001000001100
00000001 000100010101
11110110 011111100110
01000111 000010010111
01010011 100110101011
01000101 110010000101
11001101 101010111101
00100011 100001000011
00010100 100100010100
01010011 100110100001
00001010 000000001010
11000110 111110000110
11100100 011001010100
00010001 110000110101
00110110 000001100110
00001110 000000011110
11100110 101011000111
10110001 011101110001
11111010 100111101010
11110010 001111110010
00011000 010100111000
10101011 111001011001
01111100 110111101100
11010110 001010100010
01101100 001011001100
11110100 101111110110
00010011 000001100011
01010100 010010110100
11101011 011110011011
01000110 000110000110
10111000 111001111000
11011000 001010111000
11100111 101110010111
11101111 001111001111
11100101 011110000101
10111101 101101111101
10000011 001100000011
01001001 000010001001
01011001 110010101001
10111011 001101111111
10100001 101001010001
10010011 111000100010
01000010 010110010010
11001010 001110001010
10010111 101000110111
01010100 000010110100
00111001 000101101001
01001110 100110011110
01000000 100110000000
00001011 010100011001
10100010 011101010010
01000110 000110010110
10010110 101100100010
01010110 110010100010
10001001 011100001001
01111001 100011101001
01110000 000111100000
00110010 010001110010
10110001 011101110000
10011111 001000101110
00010111 011000110111
01100100 100011010100
00000110 100000000110
11000000 011110010000
11101010 111011001010
11101000 101011011001
10110010 101001110010
00001101 110100010101
01011000 110010111000
10001111 111100001111
11101110 001011011110
10001000 011000011000
01011000 110010111000
01001111 101010001111
00101100 100101000100
11000010 101110010010
01011001 110110101101
00101000 100101011000
11111010 111111101010
11100011 111111100011
00010111 010000110111
00110011 010101100011
00001111 100100001111
11110111 001011110111
11010111 001100110111
11011110 101010011110
10011001 101000101101
11101000 101011010000
00000010 110000010110
01101001 010111001001
00110101 110101100101
10111001 111101101101
10000111 011100010111
10010010 111100110010
11001100 101110001100
11011100 011110101100
01011000 110010111000
00110110 000001100110
10100110 001101000010
11101100 111011000100
01001000 000110011000
01010010 100010110110
01011100 100010101000
10110001 011101110001
10001110 111000011110
11010100 111010110100
11001110 011110111110
10110001 011100110001
10111010 001011101010
01110011 110011100001
10010111 101000100111
10000110 011010000110
01100011 000111000011
10110011 101101100001
00110000 101001100000
01000101 110010100101
11100011 111011000011
11011110 101010111110
11110100 101111110100
11111101 001011111111
01101010 100011001010
10111010 001001101011
01010111 110110110111
01100101 100110000101
00101111 010001001101
11001011 001010011111
11011001 001110001001
11110010 001111110011
01100100 100011000100
10101010 111101001010
00111110 100001111110
00001110 000000011110
11100001 001111010001
01001000 000110011000
10110000 001001100000
01010011 100110100011
11100010 110011010010
10111011 001101111011
00110000 100001100000
10100101 111001000101
10110111 111100110111
01111101 110011111101
10000101 101100000101
11011000 001010111000
01101111 110111001101
10110100 001011110100
10010001 001000110001
00110000 100001100000
10011001 101000101001
11110001 011011110001
01101100 100011001100
10000010 001000010010
00110110 000001100110
11110100 101111110110
01110000 000111110000
11101101 011111011101
01100100 100011010101
10111101 101001111101
11100001 001111010001
11000100 001110010100
11011011 111110111011
00111100 010001101100
01000110 000110010110
10001100 001000001100
01101010 100011001010
01011100 100010001100
10100001 101001010101
10000010 001001010010
11010101 111111100101
11111011 101111111011
10111001 111001101001
10101100 011101001100
01001111 100010001111
01011101 100110110101
00001110 000000011110
01011011 000110111011
00100011 100001000011
00111100 010001101100
10001010 101000001110
10100011 011000000011
10010000 001100100000
00000111 100100010111
00110101 111101100101
11011010 111010101011
10000010 001000010010
01001111 100010001110
00110010 010001110010
11110101 101011100101
11111000 011111111001
01010010 100010110010
01110111 100010110111
01111001 100011101001
11101101 111111111101
10001111 111100001111
11111010 101111111010
01011111 010110101111
10110111 111101110111
11111111 111011101111
01001110 100110011110
10010000 001101100000
10011101 111000111101
