101100 0010011000
110110 0000101110
001101 1100011100
101111 1010010011
101101 0010011100
100011 0010000111
110000 0111100000
111110 0111110110
101001 1111110101
100001 1010000101
101010 0011010111
000110 0100001110
110010 1111100110
111111 0001111011
011111 1101111011
000000 0000000000
001010 1101010110
100000 1110000000
000111 0001001111
101000 1011010000
010100 0100111000
100001 1010000101
001000 0101010000
001101 1100001101
011100 0001111000
010001 0101100101
110110 0010111110
100111 0111001011
000000 0001000000
100001 1010000101
010100 0100101000
000000 0000100000
001110 0000010110
001001 0001010101
111001 0110110101
101101 0010011101
101000 1010010000
010000 0001100000
011011 0100110011
001011 1001010111
011010 0100100110
111000 0010010000
001111 0100011011
001101 1100011001
110000 0111100100
100110 1111001110
010100 1100101000
101100 0110011000
010100 0100111000
111111 0011101011
111100 1111111000
111000 0011110000
100010 0110000110
100101 0111000101
111011 1110110011
100101 0111001101
101000 1011010010
110010 1101100110
011101 0101101101
010010 0001100110
011101 0100111101
001100 1100011000
111110 0111111110
101111 1010011011
011110 1001111110
111110 0111011110
101010 0011010110
001010 1100010110
111101 1011111111
011110 1001111100
011011 1000110011
101001 1111010101
011101 1101111101
111100 1111111100
110100 1010101000
110010 1111110110
111110 0111111110
000010 1000000110
110010 0111100110
100100 0011001000
010000 1001100000
010001 1101100101
111001 0110110101
011001 1000110101
100111 1111001011
000100 1101000000
001111 0100011111
000000 0000000000
100000 1110000000
111011 1110110011
000101 1001001101
010010 0001100110
000111 0001011011
111100 1111111000
110111 0110101011
101001 1111010001
100011 0010000011
000001 0100010101
100000 1110000000
001110 0000001110
111100 1101111000
010011 0101101011
111111 0001111011
110111 0110101011
011000 0100110000
111100 1111011000
110001 0011100101
000100 1101011000
101111 1010011011
110011 1011110011
000101 1001000101
010101 0000101001
111011 1110110011
100110 1011001111
001011 1101010011
100010 0110000110
101111 1010011001
010010 0001100110
100000 1110100000
100100 0011001000
000011 1100000011
001000 0101010000
000110 1101001110
001110 0000011111
110101 1110111101
001001 0001010111
110101 1110100101
010001 1101100001
101111 1010010011
001011 1011010011
001101 1100011101
000111 0001001011
101111 1010111011
110011 1011100010
010001 1101100100
110001 0011100101
011110 1001011110
111100 1111111010
010101 0000101101
010100 0100101000
010011 0101100111
111010 0010110110
111101 1011111101
001110 0000011110
100011 0010000011
010101 0001101101
010100 0100101000
011100 1001111000
110001 0011100101
000001 0100000001
100111 1111011011
110000 1111100000
100111 1101001011
011000 1100110000
000101 1001001101
011000 1000110000
111000 0010110100
010100 0100100000
000000 0000000000
111011 1110110011
110001 0011100101
110100 1010111000
100000 1110000001
110110 0010101110
000001 0100000101
111110 0111111110
010010 0001101110
011010 0101110110
101011 0111010111
011010 0110110110
011101 0100111101
011101 0101110101
011100 0001111000
110000 1111100000
101110 1111011110
100011 0000000011
010011 0101100111
111101 1011011101
100101 0111001001
110011 1011100011
010001 1101100101
000100 1101001000
001111 0100011011
011111 1101111011
000101 1001001101
000110 0101000110
010011 0101100011
010010 0001100110
010011 0101100001
000111 0001001011
100100 0011001000
011010 0100110110
111101 1011111101
100010 0110010110
001011 1001010111
011000 1100110000
011101 1101111101
100000 1110000001
010001 1101100101
111000 0010110000
101010 0011010110
001101 1100011101
011110 1001111110
101011 0111110011
111110 0011111110
100010 0110000010
101010 0011011110
100010 0110000100
011101 0100111101
101000 1011010000
011001 1100110101
010101 0000001101
110010 1110100110
001000 0101010000
100000 1110000000
100111 1111001011
011010 0100110010
100000 1110000000
100100 0011001000
100011 0010000011
011001 1000111101
010001 1101100101
110000 0111100000
110000 0111100000
001110 0000011110
100111 1111001011
101101 0010011101
000111 0001001011
001001 0001010101
000010 1000000110
001100 1000011100
100111 1111001001
001101 1100011101
000101 1001001101
110110 0010001110
111101 1011111001
100010 0110010110
001001 0001011101
100001 1010010101
110101 1110101111
000010 1000010110
110110 0010101110
101010 0011010110
010101 0000101111
111010 1011110110
100001 1010001101
000101 1001001101
010011 0101100011
001001 0001010101
111001 0110110101
101101 0010011101
000010 1000000110
101101 0010011101
010010 0001100110
111011 0110110011
010000 1001000000
101100 0110011100
000011 1100000001
000110 0111001110
001101 1100011001
110100 1010101000
111110 0111111010
100010 0110001110
011000 1100110000
111011 1110110011
001100 1000011000
001001 0001010111
100000 1110000000
010111 1000101111
010011 0101100011
111001 0111110101
001000 0111010000
001110 0000011110
111101 1111111101
001100 1000011001
101100 1110011000
011010 0100110110
111000 0010110000
001010 1101011110
000111 0001001011
101110 1110011110
001110 0100011110
101000 1011010000
100010 0110000110
110011 1011100011
010111 1000001011
101000 1010010000
110000 0111100000
001001 1001010101
011010 0100110100
011011 0000110011
101100 0110011100
000001 0100000101
100010 0110000111
011100 0001111001
001011 1001010011
001100 1000011000
111001 0110100101
110001 1011100101
000100 1101101000
010000 1001110000
010011 0101100011
001111 0100011011
101010 0111010110
010001 1101100111
110011 1011110011
001100 1100011000
111000 0010110010
001100 1000011000
010110 1100101110
000110 0101001110
101010 0001010110
101010 0011010110
011011 0000110011
001010 1100010110
100101 0111000101
011100 0001111000
110010 1101100110
111011 1110111011
001010 1101010010
100100 0011001000
001101 1100011100
001011 1001010111
111101 1011101101
111000 0010110000
100101 0111001001
000100 1101001010
000011 1000000011
011110 1001111110
111100 1111111000
100001 1011000101
111110 0111101110
110100 1010101000
110011 1011100010
011101 0101111101
001001 0001010101
011111 1101111010
011010 0110110110
000100 1111001000
101001 1111010101
110100 1010101010
000111 0000001011
101000 1011010000
001011 1001011011
101011 0111010011
010100 0000101000
101100 0100011000
000001 0100000101
000000 0000000000
100010 0110000110
011011 0100110011
000011 1100000001
010111 1000101011
101111 1010011011
011101 0101101101
111011 1110110001
000100 1101001000
001100 1000011000
001000 0100010000
010101 0001101101
000100 1100001000
010000 1011100000
111100 1101111000
110110 0010101110
111000 0010110000
011111 1111111011
101011 1111010011
000101 1001001101
001111 0100001011
010011 0101100011
011101 0101111101
011101 1101111101
010111 1000101011
010110 0100101110
011011 0000110011
001000 0101010000
111010 1010110110
001100 1000001000
011010 0100100110
010101 0100101101
110011 1011100010
111010 1010110110
101010 0011010111
111100 1011111000
000101 1001001001
111011 1110110011
111011 1110110011
011001 1000010101
110111 0110101011
101111 1010011011
011011 0000110011
000110 0101001110
111010 1010110111
011010 1100110110
110101 1100101101
010100 0100101000
010010 0001110110
011000 1100110001
101000 1001010000
101010 0011010110
110000 0101100000
001111 1100011011
101001 1111010101
000110 0101001110
010011 0101100010
001010 0101010110
010010 0001101110
010100 0100101000
000100 1101001100
000010 1000000110
010000 1001100000
000001 0100010101
101101 0010011101
111010 1010110110
100101 0111001101
010111 1000101011
111000 0010110001
000100 0101001000
011100 0000111000
110000 0111100000
000100 1100001000
100011 0010100011
110100 1010101000
010110 1100101110
100110 0011001110
100000 1110001000
110111 0110101011
000100 0101001000
110000 0111100000
101110 0110011110
010001 1101100101
101101 0010011111
100011 0010000010
010010 0001100100
010100 0000101000
111011 1110010011
100001 1010000101
010010 0001100110
110110 0010101110
010010 0001100110
110100 1000101000
101110 1010011110
001100 1100011000
101001 1111011101
000111 0001001011
001001 0001010101
001000 0101010000
000000 0000000000
011100 0001111000
110100 0010101000
110100 1010101000
110000 0111100000
101100 0110011000
010010 0001101110
011110 1001111110
100010 0110000110
100101 0111001101
001101 1100011101
000100 1101001000
110001 0011100101
011101 0101011101
101011 0111011011
001010 1101010110
001010 1100010110
101000 1011010010
111111 0011111011
111010 1010110110
110101 1110101101
010101 0000101101
000110 0101000110
011101 0101111100
101000 1011011000
101011 0111010011
011010 0100110110
001011 1001010011
010011 0101100011
110010 1101100110
001000 0101011000
000001 0100000101
001110 0000011110
101000 1011010000
010001 1101100101
111001 0110110101
010000 1001110000
000100 1001001000
101010 0111010110
100110 0011001110
001011 1001010011
100110 1011001110
001110 1000011110
100101 0011001101
010000 1001100000
000001 0100000101
000001 0100100101
110000 0110100000
010101 0000101111
101000 1011010000
100000 1111000000
010000 1001100000
110110 0010101110
101100 0010011000
101101 0010001101
111110 0111111110
100100 0111001000
110011 1011100011
000001 0100000101
110011 1011100011
100001 1010000101
001111 0100011011
100110 1011001110
110110 0010101110
101111 1010011010
001011 1001010111
110100 1010101000
110010 1111100110
010111 1000101011
000010 1000000110
111101 1011111001
101000 1011010000
000110 0101001010
100101 0111101101
001001 0001010101
101111 1010011111
100001 1010000111
100001 1010000101
111010 1110110110
101110 1110001110
000011 1100010011
011001 1010110101
100011 0010000011
100100 0011001001
010000 1001100000
101101 0010011101
100100 0011001000
011001 1000110101
100001 0010000101
001000 0101110000
100111 1111011011
101010 0011010110
110010 1111100110
110011 1011100010
011010 0100110110
011000 1100110000
111110 0111111100
000101 1001001101
011111 1101111011
100010 0110000110
001110 0000011110
111111 0010111011
011100 0001111000
001010 1101011110
111110 0111011110
001001 1001010101
110100 1010101100
001000 0101010100
111100 1111111000
001101 1100011100
001100 1010011000
101111 1011011011
111110 0111111111
101011 0111010011
011011 0000110011
100010 0110000110
011000 1100110000
001101 1100011101
010111 1000101011
010000 1001000000
011000 1100110000
001110 0000011110
010001 1101000101
101110 1110011110
111111 0011101011
111010 1010110110
100010 0110000110
110101 1100101101
000110 0101001110
001010 1101010110
100010 0100000110
101011 0111010011
000011 1000000011
101000 1001010000
100101 0111001101
001101 1100011001
010101 0000101101
110100 1010101000
111001 0010110101
111011 0110110011
110110 0011101110
111001 0110110101
000001 0100000001
110000 0111101000
001111 0100011011
101101 0010011101
110111 0110100011
010111 1000111011
110101 1110101101
011010 0100110010
100010 0100000110
101011 1111010011
010010 0001100110
010111 1000101011
101000 1011010000
000100 1100001000
010000 1001100000
100000 1110001000
100101 0111001101
111101 1010111101
011000 1100010000
000111 0001101011
101011 0111010011
100000 1110000100
110111 0110101011
100110 1011000110
011110 1001111110
010110 1100101110
100110 1010001110
001100 1000011000
000100 1100001000
001100 1010011000
001111 1100011011
111101 1011111101
110110 0010101110
000010 1000000110
010010 1001100110
101001 1110010101
010101 0000101100
111100 1111111000
000110 0101001110
011000 0100110000
000000 0000100000
111001 0110110101
001010 1101010110
100011 0011000011
010011 0101101011
110010 1111100110
111110 0111111110
110001 0011100101
011000 1100110000
000001 0100000101
000010 1000000110
001100 1000011000
100101 0111101101
100110 1011001110
011110 1001111110
001110 0000011100
011010 0101110110
110010 1111100111
011100 0011111000
000011 1100000011
000000 0000000001
010011 0101100011
101001 1101010101
011101 0101111101
101101 0010010101
110100 1010101010
000011 1000000011
000001 0100000101
101101 0000011101
010111 1000101010
110101 1100101101
000100 1101001010
000100 1101101000
000101 1001001101
011010 0100110110
111100 1110111000
010101 0000101001
111000 0010110000
101100 0110011000
101011 0111011011
000110 0101001110
100010 0110000110
101111 1010011011
011111 1101111011
011001 1000110101
100000 1110000000
101111 1010011011
100011 0010010011
101010 0111010110
101010 0011010111
000100 1101001000
011111 1101111011
101101 0010011101
001111 0100011011
000010 1000000110
000110 0100001110
000010 1000000110
010101 0100101101
001000 0101000000
111011 1110110011
011010 0100110110
001010 1101110110
111101 1011111101
110111 0010101011
000011 1101000011
000101 1011001101
000111 1001001011
011001 1100110101
011000 1110110000
001001 0000010101
011101 0101111101
001010 1101010110
100111 1111001011
111111 0011111111
110010 1110100110
101110 1110011010
100010 0110000010
110001 0011100101
111111 0011111011
001000 0101010000
010011 0111100011
110110 0010101110
000011 1100000011
100010 0110000110
110100 1010001000
111111 0011111001
011101 0101111101
001100 1000011010
010010 0000100110
101000 1011000000
111000 0010110000
010010 0001100110
011001 1000110101
111011 1110110111
011011 0000010011
100000 1110000000
101010 0011010010
101011 0111110011
011101 0101110101
100010 0110000110
111111 0011111111
010110 1100101110
101100 0110011000
111100 1111111000
010001 1101100101
100001 1010000101
011011 0000110011
000011 1100000011
100010 0110000111
001010 1101010110
001100 1000011001
001100 1000011000
011010 0110110110
100011 0010001011
101101 0010011001
110001 0011110101
010100 0100101000
000110 0100001110
110001 0001100101
110111 0110101011
000001 0100001101
111111 0011111011
000001 0100000101
101011 0111010011
010111 0000101011
000010 1001000110
010110 1100101110
100010 0110000110
011011 0000110011
100001 1010010101
101001 1111000101
101111 1010011011
100011 0010000011
100010 0110000110
010101 0000101111
111001 0010110101
101101 0010011101
001100 1000011000
110001 0011100101
111000 0010010000
011100 0001111000
110110 0110101110
100000 1110000000
111001 0111110101
010000 1001100000
100101 0111101101
010111 1000101010
000000 0000000000
101110 1100011110
011010 0100110110
111001 1110110101
110001 0011100111
101000 1011010010
010101 0100101101
111000 0010110100
000010 1000010110
010001 1101100101
000010 1000000110
110000 0101100000
011111 1101111001
111010 1010111110
001111 0100011011
101001 1111010101
111101 1011111001
001001 0011010101
110110 0010101110
110010 1111100110
110111 0110101011
010011 0101100011
100111 1101001011
001000 0101010000
000000 0100000000
101111 1010011011
010100 0100101000
000001 0100000101
011000 1100010000
110011 1011100010
100100 0011001000
000101 1001001101
101001 1111010101
010000 1001100000
111010 0010110110
101011 0111011011
011111 1001111011
000011 0100000011
111110 0111111110
001001 0001011101
111000 0010110001
110010 0111100110
010011 0101100111
011101 0101111001
100001 1010000101
001000 0101010000
000110 0101001110
010010 0001100010
100010 0110000110
110100 1010101000
110000 0101100000
101111 1010001011
000011 1100000011
110100 1010101001
001000 0101010000
110000 0111100000
100001 1000000101
100001 1010000101
000111 0001001011
100000 1110000000
110000 0111100000
010010 0000100110
010101 0000100101
110000 0111110000
010100 0100101100
111011 1100110011
101100 0110011000
110010 1111100110
010101 0001101101
101011 0111010011
010011 0101100011
101110 1110011110
000010 1000000100
110010 1111100110
101100 0110011001
010100 0100101000
011111 1101011011
010111 1000101001
110100 1010101100
010000 1001100001
100010 0110000110
011011 0000100011
001111 0100011011
010000 1011100000
011100 0001101000
000101 1001001101
001111 0100011011
100010 0110001110
110000 0101100000
011110 1001111110
011011 0000100011
100100 0011001000
110000 0111101000
011111 1101011011
000100 1101001000
000111 0001001011
000001 0110000101
101010 1011010110
111010 1010110110
100110 1011001110
100111 1111101011
101010 0011011110
111000 1010110000
111110 0110111110
110010 1111100110
000010 1000000110
110111 0110101111
100111 1111001011
110101 1110101001
010111 1000101011
000001 0100000101
110111 0110101011
101001 1101010101
010100 0100101000
110111 1110101011
101110 1110011110
011101 0101011101
100100 0011001000
011011 0000110010
000110 0101001110
011101 0101111101
001001 0001110101
000110 0101101110
010101 0100101101
110011 1011000011
011010 0100110110
010001 1101100001
101000 1011010100
001011 1001010011
010100 0100101000
111111 0011111011
101101 0010011101
011010 0100111110
100100 0011001000
001000 0101010000
011111 1101111011
001100 0000011000
011100 1001111000
010000 1001100010
110000 0111100000
111000 0010110000
110101 0110101101
101101 0010011101
100101 0111001101
010101 0000100101
111100 1111111000
101101 0010010101
000100 0101001000
001001 0001010101
111001 0110100101
110110 0010101110
010101 0000101101
100000 1110000000
011010 0100110110
000111 0101001011
001001 0001010101
100111 1111101011
100110 1011001110
001101 1100011101
010111 1000101011
001011 1001010010
010100 0100111000
101100 0110011000
110010 1111100110
100010 0110000110
000000 0000000000
001011 1011010011
010011 0111100011
100110 1111001110
010001 1101100001
111000 0010110010
011101 0101111111
101101 0010011101
001000 0101010100
111010 1010110110
000010 1000000110
111101 1011111101
010000 1001100000
000110 0101001110
011000 1100110000
010110 1100111110
111001 0110110101
011101 0101011101
010011 0101110011
111100 1111111000
000100 1101011000
110011 1011100011
100011 0010000001
011000 1100110000
010010 0001100110
111001 0110110101
010001 1101100001
110100 1010101000
100110 1011001110
001101 1100011100
101010 0011010110
100101 0111001101
001000 0101010001
000100 0101001000
011101 0101111101
000011 1100000011
100011 0010000001
001011 1001010011
000000 0001000000
001110 0000011110
000000 0001000000
110110 0010101110
110000 0111000000
010111 1000101011
000101 1001001101
101100 0110011100
010101 0000101101
101110 1110011111
101100 0110011010
000000 0000000001
101111 1010010011
111110 0111111110
000001 0100000101
111100 1011111000
100100 0011001000
011010 0100110110
111000 0010010000
111000 0000110000
010000 1001100000
